type,subtype,ts,user,text,client_msg_id,team,user_team,source_team,user_profile,attachments,blocks,edited,reactions,thread_ts,reply_count,reply_users_count,latest_reply,reply_users,replies,is_locked,subscribed,last_read,parent_user_id,files,upload,display_as_bot,bot_id,bot_profile,inviter,channel_name
message,channel_join,1616236909.0002,U01S1CWGTU4,<@U01S1CWGTU4> has joined the channel,,,,,,,,,,,,,,,,,,,,,,,,,,music
message,,1617896775.0003,U01S7BM4N81,<https://www.youtube.com/watch?v=qW1eTP9CKSE>,98d2a1df-fcab-4a15-a96c-514cd4fa55fa,T01RBRV5F7H,T01RBRV5F7H,T01RBRV5F7H,"{'avatar_hash': '2adfc641e87e', 'image_72': 'https://avatars.slack-edge.com/2021-04-16/1994438084416_2adfc641e87e3a953d9c_72.png', 'first_name': 'Thamo', 'real_name': 'Thamo', 'display_name': 'Thamo', 'team': 'T01RBRV5F7H', 'name': 'thamokoeper', 'is_restricted': False, 'is_ultra_restricted': False}","[{'service_name': 'YouTube', 'service_url': 'https://www.youtube.com/', 'title': 'Sigue Feliz -  Alonso TESTO (NARCOS EPISODE 7)', 'title_link': 'https://www.youtube.com/watch?v=qW1eTP9CKSE', 'author_name': 'NygusKL', 'author_link': 'https://www.youtube.com/user/NygusKL', 'thumb_url': 'https://i.ytimg.com/vi/qW1eTP9CKSE/hqdefault.jpg', 'thumb_width': 480, 'thumb_height': 360, 'fallback': 'YouTube Video: Sigue Feliz -  Alonso TESTO (NARCOS EPISODE 7)', 'video_html': '<iframe width=""400"" height=""225"" src=""https://www.youtube.com/embed/qW1eTP9CKSE?feature=oembed&autoplay=1&iv_load_policy=3"" frameborder=""0"" allow=""accelerometer; autoplay; clipboard-write; encrypted-media; gyroscope; picture-in-picture"" allowfullscreen></iframe>', 'video_html_width': 400, 'video_html_height': 225, 'from_url': 'https://www.youtube.com/watch?v=qW1eTP9CKSE', 'service_icon': 'https://a.slack-edge.com/80588/img/unfurl_icons/youtube.png', 'id': 1, 'original_url': 'https://www.youtube.com/watch?v=qW1eTP9CKSE'}]","[{'type': 'rich_text', 'block_id': 'j53', 'elements': [{'type': 'rich_text_section', 'elements': [{'type': 'link', 'url': 'https://www.youtube.com/watch?v=qW1eTP9CKSE'}]}]}]",,,,,,,,,,,,,,,,,,,music
message,,1620899613.0014,U01RXCQHMHT,"A thematic name for a playlist

<https://soundcloud.com/ryan-celsius/study-or-die>",c097123a-a43a-47a7-8d6b-c4ed6574b2c6,T01RBRV5F7H,T01RBRV5F7H,T01RBRV5F7H,"{'avatar_hash': '7290c61c38a0', 'image_72': 'https://avatars.slack-edge.com/2021-03-22/1898002028225_7290c61c38a01ad66680_72.jpg', 'first_name': 'Thanh', 'real_name': 'Thanh Tung Ha Thuc DAFT Berlin March 2021', 'display_name': 'Tony Ha', 'team': 'T01RBRV5F7H', 'name': 'tony.hathuc', 'is_restricted': False, 'is_ultra_restricted': False}","[{'service_name': 'SoundCloud', 'service_url': 'https://soundcloud.com', 'title': 'ＳＴＵＤＹ  ＯＲ  ＤＩＥ by R y a n   C e l s i u s °', 'title_link': 'https://soundcloud.com/ryan-celsius/study-or-die', 'author_name': 'R y a n   C e l s i u s °', 'author_link': 'https://soundcloud.com/ryan-celsius', 'thumb_url': 'https://i1.sndcdn.com/artworks-I9myFWxXQ5ZUOt38-aoYQuw-t500x500.jpg', 'text': '-      STUDY OR DIE      -\nChill phonk and lofi mix\n        \n-x-x-x-x-  Tracklist  -x-x-x-x-\n0:00 CALL MARBY - dusk.\n2:03 shisvi - JOURNEY\n4:48 Kamiya - Fell Off\n6:54 antXres - WAR\n10:15 DJ Per Ohlin - FUNERAL MELANCHOLIC\n12:06 CALL MARBY - nite-trip\n15:35 cumulus frisbee - becomer [error404 edit]\n19:46 KEMURI NINE4 - BIG CITY AMBITIONS\n22:25 SHADOWSTAR - ENTER THE DARKSIDE\n24:47 YUNGMAPLE - WE AINT STRESSIN BOUT THE LOOT\n27:27 R3APER - EVERYWHERE I GO \n29:46 SHADOWSTAR - NIGHTMARES TO REALITY\n31:56 root - dream patrol\n35:41 akiba - ocean\n39:11 ile flottante - warp break\n41:22 Sov - Purgatory (jibun flip)', 'fallback': 'SoundCloud Audio: ＳＴＵＤＹ  ＯＲ  ＤＩＥ by R y a n   C e l s i u s °', 'audio_html': '<iframe width=""100%"" height=""150"" scrolling=""no"" frameborder=""no"" src=""https://w.soundcloud.com/player/?visual=true&url=https%3A%2F%2Fapi.soundcloud.com%2Ftracks%2F947090416&show_artwork=true&maxheight=150""></iframe>', 'audio_html_width': 100, 'audio_html_height': 150, 'from_url': 'https://soundcloud.com/ryan-celsius/study-or-die', 'thumb_width': 500, 'thumb_height': 500, 'service_icon': 'https://soundcloud.com/favicon.ico', 'id': 1, 'original_url': 'https://soundcloud.com/ryan-celsius/study-or-die'}]","[{'type': 'rich_text', 'block_id': 'RPjlQ', 'elements': [{'type': 'rich_text_section', 'elements': [{'type': 'text', 'text': 'A thematic name for a playlist\n\n'}, {'type': 'link', 'url': 'https://soundcloud.com/ryan-celsius/study-or-die'}]}]}]","{'user': 'U01RXCQHMHT', 'ts': '1620899639.000000'}","[{'name': 'laughing', 'users': ['U01S0E0MRJ7'], 'count': 1}]",,,,,,,,,,,,,,,,,music
message,,1620200078.006,U01S7KCL3DF,"<@U01RXCQHMHT> here’s a bangin track about Nigerian fight sports:

<https://open.spotify.com/track/4IPZISKACJIbVKVBy3EiRO?si=7c79925c3d0c467a>",a153f00e-8a2f-4c0f-9f4f-ebcf678f250e,T01RBRV5F7H,T01RBRV5F7H,T01RBRV5F7H,"{'avatar_hash': '17b52091bb62', 'image_72': 'https://avatars.slack-edge.com/2021-03-19/1875964347925_17b52091bb62c2340b4c_72.png', 'first_name': 'Sam', 'real_name': 'Sam Katterfield', 'display_name': 'Sam', 'team': 'T01RBRV5F7H', 'name': 'samkatterfield', 'is_restricted': False, 'is_ultra_restricted': False}","[{'service_name': 'Spotify', 'service_url': 'https://spotify.com', 'title': ""Dick Tiger's Victory"", 'title_link': 'https://open.spotify.com/track/4IPZISKACJIbVKVBy3EiRO?si=7c79925c3d0c467a', 'thumb_url': 'https://i.scdn.co/image/ab67616d00001e027637873071d431ab2ef5cf80', 'thumb_width': 300, 'thumb_height': 300, 'fallback': ""Spotify Audio: Dick Tiger's Victory"", 'audio_html': '<iframe width=""300"" height=""380"" allowtransparency=""true"" frameborder=""0"" allow=""encrypted-media"" title=""Spotify Embed: Dick Tiger&apos;s Victory"" src=""https://open.spotify.com/embed/track/4IPZISKACJIbVKVBy3EiRO?si=7c79925c3d0c467a""></iframe>', 'audio_html_width': 300, 'audio_html_height': 380, 'from_url': 'https://open.spotify.com/track/4IPZISKACJIbVKVBy3EiRO?si=7c79925c3d0c467a', 'service_icon': 'https://a.slack-edge.com/80588/img/unfurl_icons/spotify.png', 'id': 1, 'original_url': 'https://open.spotify.com/track/4IPZISKACJIbVKVBy3EiRO?si=7c79925c3d0c467a'}]","[{'type': 'rich_text', 'block_id': 'kG4A', 'elements': [{'type': 'rich_text_section', 'elements': [{'type': 'user', 'user_id': 'U01RXCQHMHT'}, {'type': 'text', 'text': ' here’s a bangin track about Nigerian fight sports:\n\n'}, {'type': 'link', 'url': 'https://open.spotify.com/track/4IPZISKACJIbVKVBy3EiRO?si=7c79925c3d0c467a'}]}]}]","{'user': 'U01S7KCL3DF', 'ts': '1620200251.000000'}",,,,,,,,,,,,,,,,,,music
message,,1620211287.0064,U01RSRE0N3D,"For all of you LotR ravers
<https://www.youtube.com/watch?v=z9Uz1icjwrM>",41475476-99d9-41d5-beb7-727785d8cd49,T01RBRV5F7H,T01RBRV5F7H,T01RBRV5F7H,"{'avatar_hash': '5b0571ca5e6f', 'image_72': 'https://avatars.slack-edge.com/2021-03-18/1876877550179_5b0571ca5e6fe1f759fe_72.jpg', 'first_name': 'Kosta', 'real_name': 'Kosta', 'display_name': 'Kosta', 'team': 'T01RBRV5F7H', 'name': 'kostadin.mitkov', 'is_restricted': False, 'is_ultra_restricted': False}","[{'service_name': 'YouTube', 'service_url': 'https://www.youtube.com/', 'title': 'Taking the Hobbits to Isengard - 10 HOURS', 'title_link': 'https://www.youtube.com/watch?v=z9Uz1icjwrM', 'author_name': 'eKolyable', 'author_link': 'https://www.youtube.com/user/eKolyable', 'thumb_url': 'https://i.ytimg.com/vi/z9Uz1icjwrM/hqdefault.jpg', 'thumb_width': 480, 'thumb_height': 360, 'fallback': 'YouTube Video: Taking the Hobbits to Isengard - 10 HOURS', 'video_html': '<iframe width=""400"" height=""300"" src=""https://www.youtube.com/embed/z9Uz1icjwrM?feature=oembed&autoplay=1&iv_load_policy=3"" frameborder=""0"" allow=""accelerometer; autoplay; clipboard-write; encrypted-media; gyroscope; picture-in-picture"" allowfullscreen></iframe>', 'video_html_width': 400, 'video_html_height': 300, 'from_url': 'https://www.youtube.com/watch?v=z9Uz1icjwrM', 'service_icon': 'https://a.slack-edge.com/80588/img/unfurl_icons/youtube.png', 'id': 1, 'original_url': 'https://www.youtube.com/watch?v=z9Uz1icjwrM'}]","[{'type': 'rich_text', 'block_id': 'Ap6fK', 'elements': [{'type': 'rich_text_section', 'elements': [{'type': 'text', 'text': 'For all of you LotR ravers\n'}, {'type': 'link', 'url': 'https://www.youtube.com/watch?v=z9Uz1icjwrM'}]}]}]","{'user': 'U01RSRE0N3D', 'ts': '1620211359.000000'}","[{'name': 'white_check_mark', 'users': ['U01RW2X7S9Z'], 'count': 1}]",1620211287.0064,2.0,2.0,1620241557.0073,"['U01RW2X7S9Z', 'U01S7BM4N81']","[{'user': 'U01RW2X7S9Z', 'ts': '1620213007.006900'}, {'user': 'U01S7BM4N81', 'ts': '1620241557.007300'}]",0.0,1.0,1620241557.0073,,,,,,,,music
message,,1620213007.0069,U01RW2X7S9Z,"my recommender:
`input(""introduce your song:"")`
`print(""<https://www.youtube.com/watch?v=dQw4w9WgXcQ>"")`",003f3fc9-1d77-4811-9017-68c20dd995bd,T01RBRV5F7H,T01RBRV5F7H,T01RBRV5F7H,"{'avatar_hash': '7e12d75d168a', 'image_72': 'https://avatars.slack-edge.com/2021-03-19/1880105796643_7e12d75d168ae25c167d_72.jpg', 'first_name': 'Alexandre', 'real_name': 'Alexandre Sommerkamp', 'display_name': 'Alexandre Sommerkamp', 'team': 'T01RBRV5F7H', 'name': 'alex.c.skp', 'is_restricted': False, 'is_ultra_restricted': False}",,"[{'type': 'rich_text', 'block_id': 'L+bq', 'elements': [{'type': 'rich_text_section', 'elements': [{'type': 'text', 'text': 'my recommender:\n'}, {'type': 'text', 'text': 'input(""introduce your song:"")', 'style': {'code': True}}, {'type': 'text', 'text': '\n'}, {'type': 'text', 'text': 'print(""', 'style': {'code': True}}, {'type': 'link', 'url': 'https://www.youtube.com/watch?v=dQw4w9WgXcQ', 'style': {'code': True}}, {'type': 'text', 'text': '"")', 'style': {'code': True}}]}]}]","{'user': 'U01RW2X7S9Z', 'ts': '1620213040.000000'}","[{'name': 'rickroll', 'users': ['U01RSRE0N3D', 'U01S7BM4N81'], 'count': 2}]",1620211287.0064,,,,,,,,,U01RSRE0N3D,,,,,,,music
message,,1620241557.0073,U01S7BM4N81,can’t believe I clicked that even though I was 90% sure I recognized the url :smile:,eb1475e9-ae4e-4d88-8c2b-cfb5fec442ce,T01RBRV5F7H,T01RBRV5F7H,T01RBRV5F7H,"{'avatar_hash': '2adfc641e87e', 'image_72': 'https://avatars.slack-edge.com/2021-04-16/1994438084416_2adfc641e87e3a953d9c_72.png', 'first_name': 'Thamo', 'real_name': 'Thamo', 'display_name': 'Thamo', 'team': 'T01RBRV5F7H', 'name': 'thamokoeper', 'is_restricted': False, 'is_ultra_restricted': False}",,"[{'type': 'rich_text', 'block_id': '/6qC', 'elements': [{'type': 'rich_text_section', 'elements': [{'type': 'text', 'text': 'can’t believe I clicked that even though I was 90% sure I recognized the url '}, {'type': 'emoji', 'name': 'smile'}]}]}]",,,1620211287.0064,,,,,,,,,U01RSRE0N3D,,,,,,,music
message,,1618244604.0019,U01S7BM4N81,"I find myself coding to electronic tunes quite often :slightly_smiling_face:

<https://open.spotify.com/track/3n9JcswaEPwVz6TkRgEnBp?si=d855d184a2a64370>

Share yours! :slightly_smiling_face:",8699f7b0-c667-460b-8744-9fd09d2d19d1,T01RBRV5F7H,T01RBRV5F7H,T01RBRV5F7H,"{'avatar_hash': '2adfc641e87e', 'image_72': 'https://avatars.slack-edge.com/2021-04-16/1994438084416_2adfc641e87e3a953d9c_72.png', 'first_name': 'Thamo', 'real_name': 'Thamo', 'display_name': 'Thamo', 'team': 'T01RBRV5F7H', 'name': 'thamokoeper', 'is_restricted': False, 'is_ultra_restricted': False}","[{'service_name': 'Spotify', 'service_url': 'https://spotify.com', 'title': 'Les Grandes Marches', 'title_link': 'https://open.spotify.com/track/3n9JcswaEPwVz6TkRgEnBp?si=d855d184a2a64370', 'thumb_url': 'https://i.scdn.co/image/ab67616d00001e02a3724493e953610be3141c9d', 'thumb_width': 300, 'thumb_height': 300, 'fallback': 'Spotify Audio: Les Grandes Marches', 'audio_html': '<iframe width=""300"" height=""380"" allowtransparency=""true"" frameborder=""0"" allow=""encrypted-media"" title=""Spotify Embed: Les Grandes Marches"" src=""https://open.spotify.com/embed/track/3n9JcswaEPwVz6TkRgEnBp?si=d855d184a2a64370""></iframe>', 'audio_html_width': 300, 'audio_html_height': 380, 'from_url': 'https://open.spotify.com/track/3n9JcswaEPwVz6TkRgEnBp?si=d855d184a2a64370', 'service_icon': 'https://a.slack-edge.com/80588/img/unfurl_icons/spotify.png', 'id': 1, 'original_url': 'https://open.spotify.com/track/3n9JcswaEPwVz6TkRgEnBp?si=d855d184a2a64370'}]","[{'type': 'rich_text', 'block_id': 'iqs6', 'elements': [{'type': 'rich_text_section', 'elements': [{'type': 'text', 'text': 'I find myself coding to electronic tunes quite often '}, {'type': 'emoji', 'name': 'slightly_smiling_face'}, {'type': 'text', 'text': '\n\n'}, {'type': 'link', 'url': 'https://open.spotify.com/track/3n9JcswaEPwVz6TkRgEnBp?si=d855d184a2a64370'}, {'type': 'text', 'text': '\n\nShare yours! '}, {'type': 'emoji', 'name': 'slightly_smiling_face'}]}]}]",,,,,,,,,,,,,,,,,,,music
message,,1618244613.0023,U01S7BM4N81,Need some new music to code to,99a3c082-dbab-492e-98b8-f1bbe1e81c51,T01RBRV5F7H,T01RBRV5F7H,T01RBRV5F7H,"{'avatar_hash': '2adfc641e87e', 'image_72': 'https://avatars.slack-edge.com/2021-04-16/1994438084416_2adfc641e87e3a953d9c_72.png', 'first_name': 'Thamo', 'real_name': 'Thamo', 'display_name': 'Thamo', 'team': 'T01RBRV5F7H', 'name': 'thamokoeper', 'is_restricted': False, 'is_ultra_restricted': False}",,"[{'type': 'rich_text', 'block_id': 'lGy', 'elements': [{'type': 'rich_text_section', 'elements': [{'type': 'text', 'text': 'Need some new music to code to'}]}]}]",,,,,,,,,,,,,,,,,,,music
message,,1618296887.0026,U01RW2X7S9Z,<https://open.spotify.com/playlist/37i9dQZF1DX7k3T9O9bscd?si=9e3a7a44d2b14e7c>,23f00318-d96f-422d-bfd4-edfd76fbcb16,T01RBRV5F7H,T01RBRV5F7H,T01RBRV5F7H,"{'avatar_hash': '7e12d75d168a', 'image_72': 'https://avatars.slack-edge.com/2021-03-19/1880105796643_7e12d75d168ae25c167d_72.jpg', 'first_name': 'Alexandre', 'real_name': 'Alexandre Sommerkamp', 'display_name': 'Alexandre Sommerkamp', 'team': 'T01RBRV5F7H', 'name': 'alex.c.skp', 'is_restricted': False, 'is_ultra_restricted': False}","[{'service_name': 'Spotify', 'service_url': 'https://spotify.com', 'title': 'Neo-Psychedelic Rock', 'title_link': 'https://open.spotify.com/playlist/37i9dQZF1DX7k3T9O9bscd?si=9e3a7a44d2b14e7c', 'thumb_url': 'https://i.scdn.co/image/ab67706f00000003a881bd415c7af8f65c5e2473', 'thumb_width': 640, 'thumb_height': 640, 'fallback': 'Spotify Audio: Neo-Psychedelic Rock', 'audio_html': '<iframe width=""300"" height=""380"" allowtransparency=""true"" frameborder=""0"" allow=""encrypted-media"" title=""Spotify Embed: Neo-Psychedelic Rock"" src=""https://open.spotify.com/embed/playlist/37i9dQZF1DX7k3T9O9bscd?si=9e3a7a44d2b14e7c""></iframe>', 'audio_html_width': 300, 'audio_html_height': 380, 'from_url': 'https://open.spotify.com/playlist/37i9dQZF1DX7k3T9O9bscd?si=9e3a7a44d2b14e7c', 'service_icon': 'https://a.slack-edge.com/80588/img/unfurl_icons/spotify.png', 'id': 1, 'original_url': 'https://open.spotify.com/playlist/37i9dQZF1DX7k3T9O9bscd?si=9e3a7a44d2b14e7c'}]","[{'type': 'rich_text', 'block_id': '+B8j', 'elements': [{'type': 'rich_text_section', 'elements': [{'type': 'link', 'url': 'https://open.spotify.com/playlist/37i9dQZF1DX7k3T9O9bscd?si=9e3a7a44d2b14e7c'}]}]}]",,"[{'name': 'white_check_mark', 'users': ['U01RXCQHMHT', 'U01S7BM4N81'], 'count': 2}, {'name': 'headphones', 'users': ['U01S7BM4N81'], 'count': 1}]",,,,,,,,,,,,,,,,,music
message,,1618304182.0033,U01S081EULS,"#normalizer

<https://www.youtube.com/watch?v=_dNCFXjSXSY>",2aaabfd8-6b87-42ef-86c3-ebf611d5d2dc,T01RBRV5F7H,T01RBRV5F7H,T01RBRV5F7H,"{'avatar_hash': '072722b5938a', 'image_72': 'https://avatars.slack-edge.com/2021-03-22/1869523305975_072722b5938a81b68381_72.png', 'first_name': '', 'real_name': 'Federico Giuliani', 'display_name': 'Federico Giuliani', 'team': 'T01RBRV5F7H', 'name': 'defe_fg', 'is_restricted': False, 'is_ultra_restricted': False}","[{'service_name': 'YouTube', 'service_url': 'https://www.youtube.com/', 'title': 'Letta Mbulu   Nomalizo', 'title_link': 'https://www.youtube.com/watch?v=_dNCFXjSXSY', 'author_name': 'M r . C h a w a k s', 'author_link': 'https://www.youtube.com/channel/UCgbO6UK6tD3IQjjRtI2msAQ', 'thumb_url': 'https://i.ytimg.com/vi/_dNCFXjSXSY/hqdefault.jpg', 'thumb_width': 480, 'thumb_height': 360, 'fallback': 'YouTube Video: Letta Mbulu   Nomalizo', 'video_html': '<iframe width=""400"" height=""300"" src=""https://www.youtube.com/embed/_dNCFXjSXSY?feature=oembed&autoplay=1&iv_load_policy=3"" frameborder=""0"" allow=""accelerometer; autoplay; clipboard-write; encrypted-media; gyroscope; picture-in-picture"" allowfullscreen></iframe>', 'video_html_width': 400, 'video_html_height': 300, 'from_url': 'https://www.youtube.com/watch?v=_dNCFXjSXSY', 'service_icon': 'https://a.slack-edge.com/80588/img/unfurl_icons/youtube.png', 'id': 1, 'original_url': 'https://www.youtube.com/watch?v=_dNCFXjSXSY'}]","[{'type': 'rich_text', 'block_id': 'UNu', 'elements': [{'type': 'rich_text_section', 'elements': [{'type': 'text', 'text': '#normalizer\n\n'}, {'type': 'link', 'url': 'https://www.youtube.com/watch?v=_dNCFXjSXSY'}]}]}]",,"[{'name': 'eyes', 'users': ['U01RW2X7S9Z'], 'count': 1}, {'name': 'beer_parrot', 'users': ['U01S7KCL3DF', 'U01S7BM4N81'], 'count': 2}, {'name': 'headphones', 'users': ['U01S7BM4N81'], 'count': 1}]",1618304182.0033,5.0,3.0,1618322349.0055,"['U01S7KCL3DF', 'U01S7BM4N81', 'U01S081EULS']","[{'user': 'U01S7KCL3DF', 'ts': '1618315350.003700'}, {'user': 'U01S7BM4N81', 'ts': '1618316235.004300'}, {'user': 'U01S7KCL3DF', 'ts': '1618317550.004700'}, {'user': 'U01S081EULS', 'ts': '1618321837.005000'}, {'user': 'U01S7KCL3DF', 'ts': '1618322349.005500'}]",0.0,0.0,,,,,,,,,music
message,,1618315350.0037,U01S7KCL3DF,i am _very_ onboard with hot tracks named after Python terms,e70d824d-afc2-4e6f-bcce-de1f2ef8ea05,T01RBRV5F7H,T01RBRV5F7H,T01RBRV5F7H,"{'avatar_hash': '17b52091bb62', 'image_72': 'https://avatars.slack-edge.com/2021-03-19/1875964347925_17b52091bb62c2340b4c_72.png', 'first_name': 'Sam', 'real_name': 'Sam Katterfield', 'display_name': 'Sam', 'team': 'T01RBRV5F7H', 'name': 'samkatterfield', 'is_restricted': False, 'is_ultra_restricted': False}",,"[{'type': 'rich_text', 'block_id': '3DnTk', 'elements': [{'type': 'rich_text_section', 'elements': [{'type': 'text', 'text': 'i am '}, {'type': 'text', 'text': 'very', 'style': {'italic': True}}, {'type': 'text', 'text': ' onboard with hot tracks named after Python terms'}]}]}]","{'user': 'U01S7KCL3DF', 'ts': '1618315717.000000'}","[{'name': 'thinking_face', 'users': ['U01S081EULS'], 'count': 1}]",1618304182.0033,,,,,,,,,U01S081EULS,,,,,,,music
message,,1618316235.0043,U01S7BM4N81,"What is the name of this genre? Need more ^^
Also yes, more python tunes <@U01S7KCL3DF> :smile:",4b7d7bca-485d-43bb-9287-51bf5826b928,T01RBRV5F7H,T01RBRV5F7H,T01RBRV5F7H,"{'avatar_hash': '2adfc641e87e', 'image_72': 'https://avatars.slack-edge.com/2021-04-16/1994438084416_2adfc641e87e3a953d9c_72.png', 'first_name': 'Thamo', 'real_name': 'Thamo', 'display_name': 'Thamo', 'team': 'T01RBRV5F7H', 'name': 'thamokoeper', 'is_restricted': False, 'is_ultra_restricted': False}",,"[{'type': 'rich_text', 'block_id': 'cHqp9', 'elements': [{'type': 'rich_text_section', 'elements': [{'type': 'text', 'text': 'What is the name of this genre? Need more ^^\nAlso yes, more python tunes '}, {'type': 'user', 'user_id': 'U01S7KCL3DF'}, {'type': 'text', 'text': ' '}, {'type': 'emoji', 'name': 'smile'}]}]}]",,,1618304182.0033,,,,,,,,,U01S081EULS,,,,,,,music
message,,1618317550.0047,U01S7KCL3DF,albums also welcome. `Transformer`,,,,,,,"[{'type': 'rich_text', 'block_id': 'gh0g', 'elements': [{'type': 'rich_text_section', 'elements': [{'type': 'text', 'text': 'albums also welcome. '}, {'type': 'text', 'text': 'Transformer', 'style': {'code': True}}]}]}]",,"[{'name': 'raised_hands', 'users': ['U01S081EULS', 'U01S7BM4N81'], 'count': 2}]",1618304182.0033,,,,,,,,,U01S081EULS,"[{'id': 'F01UB13NL9J', 'created': 1618317542, 'timestamp': 1618317542, 'name': 'image.png', 'title': 'image.png', 'mimetype': 'image/png', 'filetype': 'png', 'pretty_type': 'PNG', 'user': 'U01S7KCL3DF', 'editable': False, 'size': 1668658, 'mode': 'hosted', 'is_external': False, 'external_type': '', 'is_public': True, 'public_url_shared': False, 'display_as_bot': False, 'username': '', 'url_private': 'https://files.slack.com/files-pri/T01RBRV5F7H-F01UB13NL9J/image.png?t=xoxe-1861879185255-2068564688150-2068564727718-519dfbdd8f50e154f7dac1ab76bfc0d2', 'url_private_download': 'https://files.slack.com/files-pri/T01RBRV5F7H-F01UB13NL9J/download/image.png?t=xoxe-1861879185255-2068564688150-2068564727718-519dfbdd8f50e154f7dac1ab76bfc0d2', 'thumb_64': 'https://files.slack.com/files-tmb/T01RBRV5F7H-F01UB13NL9J-d9ef8d13c8/image_64.png?t=xoxe-1861879185255-2068564688150-2068564727718-519dfbdd8f50e154f7dac1ab76bfc0d2', 'thumb_80': 'https://files.slack.com/files-tmb/T01RBRV5F7H-F01UB13NL9J-d9ef8d13c8/image_80.png?t=xoxe-1861879185255-2068564688150-2068564727718-519dfbdd8f50e154f7dac1ab76bfc0d2', 'thumb_360': 'https://files.slack.com/files-tmb/T01RBRV5F7H-F01UB13NL9J-d9ef8d13c8/image_360.png?t=xoxe-1861879185255-2068564688150-2068564727718-519dfbdd8f50e154f7dac1ab76bfc0d2', 'thumb_360_w': 360, 'thumb_360_h': 360, 'thumb_480': 'https://files.slack.com/files-tmb/T01RBRV5F7H-F01UB13NL9J-d9ef8d13c8/image_480.png?t=xoxe-1861879185255-2068564688150-2068564727718-519dfbdd8f50e154f7dac1ab76bfc0d2', 'thumb_480_w': 480, 'thumb_480_h': 480, 'thumb_160': 'https://files.slack.com/files-tmb/T01RBRV5F7H-F01UB13NL9J-d9ef8d13c8/image_160.png?t=xoxe-1861879185255-2068564688150-2068564727718-519dfbdd8f50e154f7dac1ab76bfc0d2', 'thumb_720': 'https://files.slack.com/files-tmb/T01RBRV5F7H-F01UB13NL9J-d9ef8d13c8/image_720.png?t=xoxe-1861879185255-2068564688150-2068564727718-519dfbdd8f50e154f7dac1ab76bfc0d2', 'thumb_720_w': 720, 'thumb_720_h': 720, 'thumb_800': 'https://files.slack.com/files-tmb/T01RBRV5F7H-F01UB13NL9J-d9ef8d13c8/image_800.png?t=xoxe-1861879185255-2068564688150-2068564727718-519dfbdd8f50e154f7dac1ab76bfc0d2', 'thumb_800_w': 800, 'thumb_800_h': 800, 'thumb_960': 'https://files.slack.com/files-tmb/T01RBRV5F7H-F01UB13NL9J-d9ef8d13c8/image_960.png?t=xoxe-1861879185255-2068564688150-2068564727718-519dfbdd8f50e154f7dac1ab76bfc0d2', 'thumb_960_w': 960, 'thumb_960_h': 960, 'thumb_1024': 'https://files.slack.com/files-tmb/T01RBRV5F7H-F01UB13NL9J-d9ef8d13c8/image_1024.png?t=xoxe-1861879185255-2068564688150-2068564727718-519dfbdd8f50e154f7dac1ab76bfc0d2', 'thumb_1024_w': 1024, 'thumb_1024_h': 1024, 'original_w': 1500, 'original_h': 1500, 'thumb_tiny': 'AwAwADCcyIDgsAfrUfnhnKqVOPesokk5NJU8o7mmLoHIJQH60G6G7GU/OltERoWUQE4HV/4j6VUu4fLKsIzGGH3c55o5QuXIpjIRjZjvhqlyPUVi0qsVIKkgjpRyhcSlUgMCwyM8j1oVS2cA4Ayfag47VQjbhbfbxkEDj+Lmq+oy42x4GGH3z+uKrQ3cYhEU8W9V6H0pt5cRzeWI1KhARg0AQmIgckA+h4prIygFlIDDIz3pS2VAI5HfNNyaAJclExk7D1GOpqKrc9oVuAqbm3cj1qwumHb8zqp9MZoAzKUAk4HWr0mmyD7u1vocH9alttPIOZgAP7uck/WgDO8o7QfXpwcH8aZWxqEcjpGsSkjkYHY/5zVSOwJIMrBR6CgD/9k=', 'permalink': 'https://data-ft-ber-03-2021.slack.com/files/U01S7KCL3DF/F01UB13NL9J/image.png', 'permalink_public': 'https://slack-files.com/T01RBRV5F7H-F01UB13NL9J-fb5d4533b7', 'is_starred': False, 'has_rich_preview': False}]",0.0,0.0,,,,music
message,,1618321837.005,U01S081EULS,"Not related to Python but Zoom meeting :slightly_smiling_face:
(Great track anyway)

<https://www.youtube.com/watch?v=XS088Opj9o0>",d7bb926e-3258-44bd-a2d1-3cd9f25ac174,T01RBRV5F7H,T01RBRV5F7H,T01RBRV5F7H,"{'avatar_hash': '072722b5938a', 'image_72': 'https://avatars.slack-edge.com/2021-03-22/1869523305975_072722b5938a81b68381_72.png', 'first_name': '', 'real_name': 'Federico Giuliani', 'display_name': 'Federico Giuliani', 'team': 'T01RBRV5F7H', 'name': 'defe_fg', 'is_restricted': False, 'is_ultra_restricted': False}","[{'service_name': 'YouTube', 'service_url': 'https://www.youtube.com/', 'title': 'Madonna - Frozen [Official HD Music Video]', 'title_link': 'https://www.youtube.com/watch?v=XS088Opj9o0', 'author_name': 'Madonna', 'author_link': 'https://www.youtube.com/user/madonna', 'thumb_url': 'https://i.ytimg.com/vi/XS088Opj9o0/hqdefault.jpg', 'thumb_width': 480, 'thumb_height': 360, 'fallback': 'YouTube Video: Madonna - Frozen [Official HD Music Video]', 'video_html': '<iframe width=""400"" height=""225"" src=""https://www.youtube.com/embed/XS088Opj9o0?feature=oembed&autoplay=1&iv_load_policy=3"" frameborder=""0"" allow=""accelerometer; autoplay; clipboard-write; encrypted-media; gyroscope; picture-in-picture"" allowfullscreen></iframe>', 'video_html_width': 400, 'video_html_height': 225, 'from_url': 'https://www.youtube.com/watch?v=XS088Opj9o0', 'service_icon': 'https://a.slack-edge.com/80588/img/unfurl_icons/youtube.png', 'id': 1, 'original_url': 'https://www.youtube.com/watch?v=XS088Opj9o0'}]","[{'type': 'rich_text', 'block_id': 'Xj9', 'elements': [{'type': 'rich_text_section', 'elements': [{'type': 'text', 'text': 'Not related to Python but Zoom meeting '}, {'type': 'emoji', 'name': 'slightly_smiling_face'}, {'type': 'text', 'text': '\n(Great track anyway)\n\n'}, {'type': 'link', 'url': 'https://www.youtube.com/watch?v=XS088Opj9o0'}]}]}]",,"[{'name': 'catjam', 'users': ['U01S7BM4N81'], 'count': 1}]",1618304182.0033,,,,,,,,,U01S081EULS,,,,,,,music
message,,1618322349.0055,U01S7KCL3DF,"I thought ‘Normalizer’ may be a Britney B-side

<https://www.youtube.com/watch?v=rMqayQ-U74s&amp;ab_channel=BritneySpearsVEVO>",d1fba90a-06da-4407-b901-210b5410e240,T01RBRV5F7H,T01RBRV5F7H,T01RBRV5F7H,"{'avatar_hash': '17b52091bb62', 'image_72': 'https://avatars.slack-edge.com/2021-03-19/1875964347925_17b52091bb62c2340b4c_72.png', 'first_name': 'Sam', 'real_name': 'Sam Katterfield', 'display_name': 'Sam', 'team': 'T01RBRV5F7H', 'name': 'samkatterfield', 'is_restricted': False, 'is_ultra_restricted': False}","[{'service_name': 'YouTube', 'service_url': 'https://www.youtube.com/', 'title': ""Britney Spears - Womanizer (Director's Cut)"", 'title_link': 'https://www.youtube.com/watch?v=rMqayQ-U74s&amp;ab_channel=BritneySpearsVEVO', 'author_name': 'BritneySpearsVEVO', 'author_link': 'https://www.youtube.com/user/BritneySpearsVEVO', 'thumb_url': 'https://i.ytimg.com/vi/rMqayQ-U74s/hqdefault.jpg', 'thumb_width': 480, 'thumb_height': 360, 'fallback': ""YouTube Video: Britney Spears - Womanizer (Director's Cut)"", 'video_html': '<iframe width=""400"" height=""225"" src=""https://www.youtube.com/embed/rMqayQ-U74s?feature=oembed&autoplay=1&iv_load_policy=3"" frameborder=""0"" allow=""accelerometer; autoplay; clipboard-write; encrypted-media; gyroscope; picture-in-picture"" allowfullscreen></iframe>', 'video_html_width': 400, 'video_html_height': 225, 'from_url': 'https://www.youtube.com/watch?v=rMqayQ-U74s&amp;ab_channel=BritneySpearsVEVO', 'service_icon': 'https://a.slack-edge.com/80588/img/unfurl_icons/youtube.png', 'id': 1, 'original_url': 'https://www.youtube.com/watch?v=rMqayQ-U74s&amp;ab_channel=BritneySpearsVEVO'}]","[{'type': 'rich_text', 'block_id': '23ze', 'elements': [{'type': 'rich_text_section', 'elements': [{'type': 'text', 'text': 'I thought ‘Normalizer’ may be a Britney B-side\n\n'}, {'type': 'link', 'url': 'https://www.youtube.com/watch?v=rMqayQ-U74s&ab_channel=BritneySpearsVEVO'}]}]}]",,"[{'name': 'joy', 'users': ['U01S081EULS'], 'count': 1}]",1618304182.0033,,,,,,,,,U01S081EULS,,,,,,,music
message,,1620161835.0054,U01S0P26NKD,<https://us04web.zoom.us/j/78532814235?pwd=YjRUTFdlU2FiVDlvWHdrc3lkMkVjUT09>,728d04ef-1fe8-40a5-9c50-c0fabeb49ca2,T01RBRV5F7H,T01RBRV5F7H,T01RBRV5F7H,"{'avatar_hash': 'g7b30129d02b', 'image_72': 'https://secure.gravatar.com/avatar/7b30129d02bcacd7eef985bfd5432c73.jpg?s=72&d=https%3A%2F%2Fa.slack-edge.com%2Fdf10d%2Fimg%2Favatars%2Fava_0021-72.png', 'first_name': '', 'real_name': 'Jennipher Kasemire', 'display_name': 'Jennipher Kasemire', 'team': 'T01RBRV5F7H', 'name': 'jennipherkasemire', 'is_restricted': False, 'is_ultra_restricted': False}",,"[{'type': 'rich_text', 'block_id': 'ob/0', 'elements': [{'type': 'rich_text_section', 'elements': [{'type': 'link', 'url': 'https://us04web.zoom.us/j/78532814235?pwd=YjRUTFdlU2FiVDlvWHdrc3lkMkVjUT09'}]}]}]",,,,,,,,,,,,,,,,,,,music
message,,1619716257.0002,U01RXCQHMHT,<https://www.youtube.com/watch?v=jbcr6Umn7aQ&amp;t=2331s>,b9e64a36-5090-45c5-97d4-61a5b11f2a27,T01RBRV5F7H,T01RBRV5F7H,T01RBRV5F7H,"{'avatar_hash': '7290c61c38a0', 'image_72': 'https://avatars.slack-edge.com/2021-03-22/1898002028225_7290c61c38a01ad66680_72.jpg', 'first_name': 'Thanh', 'real_name': 'Thanh Tung Ha Thuc DAFT Berlin March 2021', 'display_name': 'Tony Ha', 'team': 'T01RBRV5F7H', 'name': 'tony.hathuc', 'is_restricted': False, 'is_ultra_restricted': False}","[{'service_name': 'YouTube', 'service_url': 'https://www.youtube.com/', 'title': 'ᴄʟᴇʀɪᴄ | ᴠɪꜱɪᴏɴꜱ ⁰¹', 'title_link': 'https://www.youtube.com/watch?v=jbcr6Umn7aQ&amp;t=2331s', 'author_name': 'HATE', 'author_link': 'https://www.youtube.com/channel/UC6qQOTx9LuKMC5p2dbjmSRg', 'thumb_url': 'https://i.ytimg.com/vi/jbcr6Umn7aQ/hqdefault.jpg', 'thumb_width': 480, 'thumb_height': 360, 'fallback': 'YouTube Video: ᴄʟᴇʀɪᴄ | ᴠɪꜱɪᴏɴꜱ ⁰¹', 'video_html': '<iframe width=""400"" height=""225"" src=""https://www.youtube.com/embed/jbcr6Umn7aQ?feature=oembed&start=2331&autoplay=1&iv_load_policy=3"" frameborder=""0"" allow=""accelerometer; autoplay; clipboard-write; encrypted-media; gyroscope; picture-in-picture"" allowfullscreen></iframe>', 'video_html_width': 400, 'video_html_height': 225, 'from_url': 'https://www.youtube.com/watch?v=jbcr6Umn7aQ&amp;t=2331s', 'service_icon': 'https://a.slack-edge.com/80588/img/unfurl_icons/youtube.png', 'id': 1, 'original_url': 'https://www.youtube.com/watch?v=jbcr6Umn7aQ&amp;t=2331s'}]","[{'type': 'rich_text', 'block_id': 'Ej5/', 'elements': [{'type': 'rich_text_section', 'elements': [{'type': 'link', 'url': 'https://www.youtube.com/watch?v=jbcr6Umn7aQ&t=2331s'}]}]}]",,,1619716257.0002,8.0,2.0,1619717271.002,"['U01RW2X7S9Z', 'U01RXCQHMHT']","[{'user': 'U01RW2X7S9Z', 'ts': '1619716277.000400'}, {'user': 'U01RXCQHMHT', 'ts': '1619716475.000600'}, {'user': 'U01RXCQHMHT', 'ts': '1619716488.000800'}, {'user': 'U01RW2X7S9Z', 'ts': '1619716517.001000'}, {'user': 'U01RW2X7S9Z', 'ts': '1619716538.001200'}, {'user': 'U01RW2X7S9Z', 'ts': '1619716551.001500'}, {'user': 'U01RXCQHMHT', 'ts': '1619717258.001700'}, {'user': 'U01RXCQHMHT', 'ts': '1619717271.002000'}]",0.0,0.0,,,,,,,,,music
message,,1619716277.0004,U01RW2X7S9Z,yooo not friday yet!,23adb5e1-4e6f-4be6-bf23-fed30c403241,T01RBRV5F7H,T01RBRV5F7H,T01RBRV5F7H,"{'avatar_hash': '7e12d75d168a', 'image_72': 'https://avatars.slack-edge.com/2021-03-19/1880105796643_7e12d75d168ae25c167d_72.jpg', 'first_name': 'Alexandre', 'real_name': 'Alexandre Sommerkamp', 'display_name': 'Alexandre Sommerkamp', 'team': 'T01RBRV5F7H', 'name': 'alex.c.skp', 'is_restricted': False, 'is_ultra_restricted': False}",,"[{'type': 'rich_text', 'block_id': 'xHbZI', 'elements': [{'type': 'rich_text_section', 'elements': [{'type': 'text', 'text': 'yooo not friday yet!'}]}]}]",,,1619716257.0002,,,,,,,,,U01RXCQHMHT,,,,,,,music
message,,1619716475.0006,U01RXCQHMHT,this music makes me productive :smile:,d3fd6cba-09eb-44cc-ab72-cceecfdfb2f1,T01RBRV5F7H,T01RBRV5F7H,T01RBRV5F7H,"{'avatar_hash': '7290c61c38a0', 'image_72': 'https://avatars.slack-edge.com/2021-03-22/1898002028225_7290c61c38a01ad66680_72.jpg', 'first_name': 'Thanh', 'real_name': 'Thanh Tung Ha Thuc DAFT Berlin March 2021', 'display_name': 'Tony Ha', 'team': 'T01RBRV5F7H', 'name': 'tony.hathuc', 'is_restricted': False, 'is_ultra_restricted': False}",,"[{'type': 'rich_text', 'block_id': 'CLd', 'elements': [{'type': 'rich_text_section', 'elements': [{'type': 'text', 'text': 'this music makes me productive '}, {'type': 'emoji', 'name': 'smile'}]}]}]",,,1619716257.0002,,,,,,,,,U01RXCQHMHT,,,,,,,music
message,,1619716488.0008,U01RXCQHMHT,"but nice visuals, what do you say? <@U01RW2X7S9Z>",0ce1350d-1538-49b8-afb1-1ceb6f8fdc67,T01RBRV5F7H,T01RBRV5F7H,T01RBRV5F7H,"{'avatar_hash': '7290c61c38a0', 'image_72': 'https://avatars.slack-edge.com/2021-03-22/1898002028225_7290c61c38a01ad66680_72.jpg', 'first_name': 'Thanh', 'real_name': 'Thanh Tung Ha Thuc DAFT Berlin March 2021', 'display_name': 'Tony Ha', 'team': 'T01RBRV5F7H', 'name': 'tony.hathuc', 'is_restricted': False, 'is_ultra_restricted': False}",,"[{'type': 'rich_text', 'block_id': 'SvX', 'elements': [{'type': 'rich_text_section', 'elements': [{'type': 'text', 'text': 'but nice visuals, what do you say? '}, {'type': 'user', 'user_id': 'U01RW2X7S9Z'}]}]}]",,,1619716257.0002,,,,,,,,,U01RXCQHMHT,,,,,,,music
message,,1619716517.001,U01RW2X7S9Z,yeah helps me too,7d1b1f6e-7037-4458-b10f-d0368cc41d1d,T01RBRV5F7H,T01RBRV5F7H,T01RBRV5F7H,"{'avatar_hash': '7e12d75d168a', 'image_72': 'https://avatars.slack-edge.com/2021-03-19/1880105796643_7e12d75d168ae25c167d_72.jpg', 'first_name': 'Alexandre', 'real_name': 'Alexandre Sommerkamp', 'display_name': 'Alexandre Sommerkamp', 'team': 'T01RBRV5F7H', 'name': 'alex.c.skp', 'is_restricted': False, 'is_ultra_restricted': False}",,"[{'type': 'rich_text', 'block_id': 'oa5z6', 'elements': [{'type': 'rich_text_section', 'elements': [{'type': 'text', 'text': 'yeah helps me too'}]}]}]",,,1619716257.0002,,,,,,,,,U01RXCQHMHT,,,,,,,music
message,,1619716538.0012,U01RW2X7S9Z,"visuals are rad, id be in a party just looking at the projector and tripping",9bf94b4a-d299-4537-ae27-184340908aca,T01RBRV5F7H,T01RBRV5F7H,T01RBRV5F7H,"{'avatar_hash': '7e12d75d168a', 'image_72': 'https://avatars.slack-edge.com/2021-03-19/1880105796643_7e12d75d168ae25c167d_72.jpg', 'first_name': 'Alexandre', 'real_name': 'Alexandre Sommerkamp', 'display_name': 'Alexandre Sommerkamp', 'team': 'T01RBRV5F7H', 'name': 'alex.c.skp', 'is_restricted': False, 'is_ultra_restricted': False}",,"[{'type': 'rich_text', 'block_id': 'dc79', 'elements': [{'type': 'rich_text_section', 'elements': [{'type': 'text', 'text': 'visuals are rad, id be in a party just looking at the projector and tripping'}]}]}]",,,1619716257.0002,,,,,,,,,U01RXCQHMHT,,,,,,,music
message,,1619716551.0015,U01RW2X7S9Z,trippin,,T01RBRV5F7H,,,,,"[{'type': 'image', 'block_id': 'pNQoH', 'image_url': 'https://media3.giphy.com/media/hTgmFytUwwHLaMahU1/giphy-downsized.gif?cid=6104955e4e14eebd6f4fc277998a7cb03f4a60f10e9eebda&rid=giphy-downsized.gif&ct=g&cid=6104955e4e14eebd6f4fc277998a7cb03f4a60f10e9eebda&rid=giphy-downsized.gif&ct=g', 'alt_text': 'trippin', 'title': {'type': 'plain_text', 'text': 'trippin', 'emoji': True}, 'fallback': '336x479px image', 'image_width': 336, 'image_height': 479, 'image_bytes': 983863, 'is_animated': True}, {'type': 'context', 'block_id': 'P2nzx', 'elements': [{'type': 'image', 'image_url': 'https://a.slack-edge.com/dc483/img/plugins/giphy/service_32.png', 'alt_text': 'giphy logo'}, {'type': 'mrkdwn', 'text': 'Posted using /giphy | GIF by <https://giphy.com/tiktok/|TikTok>', 'verbatim': False}]}]",,,1619716257.0002,,,,,,,,,U01RXCQHMHT,,,,B01S7FSR36Y,"{'id': 'B01S7FSR36Y', 'deleted': False, 'name': 'giphy', 'updated': 1616421896, 'app_id': 'A0F827J2C', 'icons': {'image_36': 'https://a.slack-edge.com/dc483/img/plugins/giphy/service_72.png', 'image_48': 'https://a.slack-edge.com/dc483/img/plugins/giphy/service_48.png', 'image_72': 'https://a.slack-edge.com/dc483/img/plugins/giphy/service_72.png'}, 'team_id': 'T01RBRV5F7H'}",,music
message,,1619717258.0017,U01RXCQHMHT,"use the projector to project the visuals on you, then you will become one with The Force",ca307e6b-b561-4162-9c53-bfd11c5f3e48,T01RBRV5F7H,T01RBRV5F7H,T01RBRV5F7H,"{'avatar_hash': '7290c61c38a0', 'image_72': 'https://avatars.slack-edge.com/2021-03-22/1898002028225_7290c61c38a01ad66680_72.jpg', 'first_name': 'Thanh', 'real_name': 'Thanh Tung Ha Thuc DAFT Berlin March 2021', 'display_name': 'Tony Ha', 'team': 'T01RBRV5F7H', 'name': 'tony.hathuc', 'is_restricted': False, 'is_ultra_restricted': False}",,"[{'type': 'rich_text', 'block_id': '0AA7', 'elements': [{'type': 'rich_text_section', 'elements': [{'type': 'text', 'text': 'use the projector to project the visuals on you, then you will become one with The Force'}]}]}]",,,1619716257.0002,,,,,,,,,U01RXCQHMHT,,,,,,,music
message,,1619717271.002,U01RXCQHMHT,darth vader,,T01RBRV5F7H,,,,,"[{'type': 'image', 'block_id': 'Lzf', 'image_url': 'https://media0.giphy.com/media/jd6TVgsph6w7e/giphy.gif?cid=6104955eaf2b872a3b51f3062ffb56e721cd1cd66cf3092e&rid=giphy.gif&ct=g&cid=6104955eaf2b872a3b51f3062ffb56e721cd1cd66cf3092e&rid=giphy.gif&ct=g', 'alt_text': 'darth vader', 'title': {'type': 'plain_text', 'text': 'darth vader', 'emoji': True}, 'fallback': '500x281px image', 'image_width': 500, 'image_height': 281, 'image_bytes': 503724, 'is_animated': True}, {'type': 'context', 'block_id': 'lzZU2', 'elements': [{'type': 'image', 'image_url': 'https://a.slack-edge.com/dc483/img/plugins/giphy/service_32.png', 'alt_text': 'giphy logo'}, {'type': 'mrkdwn', 'text': 'Posted using /giphy | GIF by <https://giphy.com/channel/cheezburger/|Cheezburger>', 'verbatim': False}]}]",,,1619716257.0002,,,,,,,,,U01RXCQHMHT,,,,B01S7FSR36Y,"{'id': 'B01S7FSR36Y', 'deleted': False, 'name': 'giphy', 'updated': 1616421896, 'app_id': 'A0F827J2C', 'icons': {'image_36': 'https://a.slack-edge.com/dc483/img/plugins/giphy/service_72.png', 'image_48': 'https://a.slack-edge.com/dc483/img/plugins/giphy/service_48.png', 'image_72': 'https://a.slack-edge.com/dc483/img/plugins/giphy/service_72.png'}, 'team_id': 'T01RBRV5F7H'}",,music
message,,1620817950.001,U01S7KCL3DF,"someone say cookie? :cookie:

<https://www.youtube.com/watch?v=fbiioBFkD_Q&amp;ab_channel=cookiewaits>",92275c57-a3a0-48b9-af09-4399fcf50fe5,T01RBRV5F7H,T01RBRV5F7H,T01RBRV5F7H,"{'avatar_hash': '17b52091bb62', 'image_72': 'https://avatars.slack-edge.com/2021-03-19/1875964347925_17b52091bb62c2340b4c_72.png', 'first_name': 'Sam', 'real_name': 'Sam Katterfield', 'display_name': 'Sam', 'team': 'T01RBRV5F7H', 'name': 'samkatterfield', 'is_restricted': False, 'is_ultra_restricted': False}","[{'service_name': 'YouTube', 'service_url': 'https://www.youtube.com/', 'title': 'Tom Waits/Cookie Monster - Hell Broke Luce', 'title_link': 'https://www.youtube.com/watch?v=fbiioBFkD_Q&amp;ab_channel=cookiewaits', 'author_name': 'cookiewaits', 'author_link': 'https://www.youtube.com/user/cookiewaits', 'thumb_url': 'https://i.ytimg.com/vi/fbiioBFkD_Q/hqdefault.jpg', 'thumb_width': 480, 'thumb_height': 360, 'fallback': 'YouTube Video: Tom Waits/Cookie Monster - Hell Broke Luce', 'video_html': '<iframe width=""400"" height=""300"" src=""https://www.youtube.com/embed/fbiioBFkD_Q?feature=oembed&autoplay=1&iv_load_policy=3"" frameborder=""0"" allow=""accelerometer; autoplay; clipboard-write; encrypted-media; gyroscope; picture-in-picture"" allowfullscreen></iframe>', 'video_html_width': 400, 'video_html_height': 300, 'from_url': 'https://www.youtube.com/watch?v=fbiioBFkD_Q&amp;ab_channel=cookiewaits', 'service_icon': 'https://a.slack-edge.com/80588/img/unfurl_icons/youtube.png', 'id': 1, 'original_url': 'https://www.youtube.com/watch?v=fbiioBFkD_Q&amp;ab_channel=cookiewaits'}]","[{'type': 'rich_text', 'block_id': 'X6fJI', 'elements': [{'type': 'rich_text_section', 'elements': [{'type': 'text', 'text': 'someone say cookie? '}, {'type': 'emoji', 'name': 'cookie'}, {'type': 'text', 'text': '\n\n'}, {'type': 'link', 'url': 'https://www.youtube.com/watch?v=fbiioBFkD_Q&ab_channel=cookiewaits'}]}]}]",,"[{'name': 'raised_hands', 'users': ['U01RW140HBP'], 'count': 1}]",,,,,,,,,,,,,,,,,music
message,,1620030749.0039,U01RSRE0N3D,<https://www.youtube.com/watch?v=meFxq3-mNEc>,982c5a84-ef6a-4bff-90f3-1ee65b4a43a7,T01RBRV5F7H,T01RBRV5F7H,T01RBRV5F7H,"{'avatar_hash': '5b0571ca5e6f', 'image_72': 'https://avatars.slack-edge.com/2021-03-18/1876877550179_5b0571ca5e6fe1f759fe_72.jpg', 'first_name': 'Kosta', 'real_name': 'Kosta', 'display_name': 'Kosta', 'team': 'T01RBRV5F7H', 'name': 'kostadin.mitkov', 'is_restricted': False, 'is_ultra_restricted': False}","[{'service_name': 'YouTube', 'service_url': 'https://www.youtube.com/', 'title': 'Mulatto - Muwop (Official Video) ft. Gucci Mane', 'title_link': 'https://www.youtube.com/watch?v=meFxq3-mNEc', 'author_name': 'MissMulattoVEVO', 'author_link': 'https://www.youtube.com/channel/UCSyHP2BpHDevN3FQO6N_SWw', 'thumb_url': 'https://i.ytimg.com/vi/meFxq3-mNEc/hqdefault.jpg', 'thumb_width': 480, 'thumb_height': 360, 'fallback': 'YouTube Video: Mulatto - Muwop (Official Video) ft. Gucci Mane', 'video_html': '<iframe width=""400"" height=""225"" src=""https://www.youtube.com/embed/meFxq3-mNEc?feature=oembed&autoplay=1&iv_load_policy=3"" frameborder=""0"" allow=""accelerometer; autoplay; clipboard-write; encrypted-media; gyroscope; picture-in-picture"" allowfullscreen></iframe>', 'video_html_width': 400, 'video_html_height': 225, 'from_url': 'https://www.youtube.com/watch?v=meFxq3-mNEc', 'service_icon': 'https://a.slack-edge.com/80588/img/unfurl_icons/youtube.png', 'id': 1, 'original_url': 'https://www.youtube.com/watch?v=meFxq3-mNEc'}]","[{'type': 'rich_text', 'block_id': '4d9J', 'elements': [{'type': 'rich_text_section', 'elements': [{'type': 'link', 'url': 'https://www.youtube.com/watch?v=meFxq3-mNEc'}]}]}]",,,1620030749.0039,1.0,1.0,1620030925.0041,['U01RRV4JX6Z'],"[{'user': 'U01RRV4JX6Z', 'ts': '1620030925.004100'}]",0.0,1.0,1620030925.0041,,,,,,,,music
message,,1620030925.0041,U01RRV4JX6Z,I only knew this Mulatu: <https://www.youtube.com/watch?v=5y3JU5ZMg5Y>,42a3784a-1ec4-4d34-be19-02163d595010,T01RBRV5F7H,T01RBRV5F7H,T01RBRV5F7H,"{'avatar_hash': '339c4d69b7d9', 'image_72': 'https://avatars.slack-edge.com/2021-04-14/1961122781618_339c4d69b7d9fe16343a_72.jpg', 'first_name': '', 'real_name': 'Francisco Ebeling', 'display_name': 'Francisco Ebeling', 'team': 'T01RBRV5F7H', 'name': 'ebelingbarros', 'is_restricted': False, 'is_ultra_restricted': False}","[{'service_name': 'YouTube', 'service_url': 'https://www.youtube.com/', 'title': 'Mulatu Astatke - New York-Addis-London [Full Album]', 'title_link': 'https://www.youtube.com/watch?v=5y3JU5ZMg5Y', 'author_name': 'Dr. Acula', 'author_link': 'https://www.youtube.com/channel/UC1Xj-GcafZrI_rZ7GdwNLFw', 'thumb_url': 'https://i.ytimg.com/vi/5y3JU5ZMg5Y/hqdefault.jpg', 'thumb_width': 480, 'thumb_height': 360, 'fallback': 'YouTube Video: Mulatu Astatke - New York-Addis-London [Full Album]', 'video_html': '<iframe width=""400"" height=""300"" src=""https://www.youtube.com/embed/5y3JU5ZMg5Y?feature=oembed&autoplay=1&iv_load_policy=3"" frameborder=""0"" allow=""accelerometer; autoplay; clipboard-write; encrypted-media; gyroscope; picture-in-picture"" allowfullscreen></iframe>', 'video_html_width': 400, 'video_html_height': 300, 'from_url': 'https://www.youtube.com/watch?v=5y3JU5ZMg5Y', 'service_icon': 'https://a.slack-edge.com/80588/img/unfurl_icons/youtube.png', 'id': 1, 'original_url': 'https://www.youtube.com/watch?v=5y3JU5ZMg5Y'}]","[{'type': 'rich_text', 'block_id': 'Tn7X', 'elements': [{'type': 'rich_text_section', 'elements': [{'type': 'text', 'text': 'I only knew this Mulatu: '}, {'type': 'link', 'url': 'https://www.youtube.com/watch?v=5y3JU5ZMg5Y'}]}]}]",,,1620030749.0039,,,,,,,,,U01RSRE0N3D,,,,,,,music
message,,1620053272.0045,U01RXCQHMHT,<https://www.youtube.com/watch?v=T1UHQAepSBo>,89fbaed8-1793-40f4-863c-7685317b7773,T01RBRV5F7H,T01RBRV5F7H,T01RBRV5F7H,"{'avatar_hash': '7290c61c38a0', 'image_72': 'https://avatars.slack-edge.com/2021-03-22/1898002028225_7290c61c38a01ad66680_72.jpg', 'first_name': 'Thanh', 'real_name': 'Thanh Tung Ha Thuc DAFT Berlin March 2021', 'display_name': 'Tony Ha', 'team': 'T01RBRV5F7H', 'name': 'tony.hathuc', 'is_restricted': False, 'is_ultra_restricted': False}","[{'service_name': 'YouTube', 'service_url': 'https://www.youtube.com/', 'title': ""★ nirvana songs but it's lofi remix ★"", 'title_link': 'https://www.youtube.com/watch?v=T1UHQAepSBo', 'author_name': 'Tune Free Audio', 'author_link': 'https://www.youtube.com/channel/UCueuj4U0rmwAcIaxaBwYzGg', 'thumb_url': 'https://i.ytimg.com/vi/T1UHQAepSBo/hqdefault.jpg', 'thumb_width': 480, 'thumb_height': 360, 'fallback': ""YouTube Video: ★ nirvana songs but it's lofi remix ★"", 'video_html': '<iframe width=""400"" height=""225"" src=""https://www.youtube.com/embed/T1UHQAepSBo?feature=oembed&autoplay=1&iv_load_policy=3"" frameborder=""0"" allow=""accelerometer; autoplay; clipboard-write; encrypted-media; gyroscope; picture-in-picture"" allowfullscreen></iframe>', 'video_html_width': 400, 'video_html_height': 225, 'from_url': 'https://www.youtube.com/watch?v=T1UHQAepSBo', 'service_icon': 'https://a.slack-edge.com/80588/img/unfurl_icons/youtube.png', 'id': 1, 'original_url': 'https://www.youtube.com/watch?v=T1UHQAepSBo'}]","[{'type': 'rich_text', 'block_id': 'X4m', 'elements': [{'type': 'rich_text_section', 'elements': [{'type': 'link', 'url': 'https://www.youtube.com/watch?v=T1UHQAepSBo'}]}]}]",,"[{'name': 'heart', 'users': ['U01S0E0MRJ7'], 'count': 1}, {'name': 'excuse_me', 'users': ['U01RW2X7S9Z'], 'count': 1}]",,,,,,,,,,,,,,,,,music
message,,1620054563.0049,U01S7KCL3DF,the Billboard Top 100 got me like,,,,,,,"[{'type': 'rich_text', 'block_id': 'lTG', 'elements': [{'type': 'rich_text_section', 'elements': [{'type': 'text', 'text': 'the Billboard Top 100 got me like'}]}]}]",,"[{'name': 'joy', 'users': ['U01S081EULS', 'U01RRV4JX6Z'], 'count': 2}]",,,,,,,,,,,"[{'id': 'F021ELTSNF2', 'created': 1620054560, 'timestamp': 1620054560, 'name': 'image.png', 'title': 'image.png', 'mimetype': 'image/png', 'filetype': 'png', 'pretty_type': 'PNG', 'user': 'U01S7KCL3DF', 'editable': False, 'size': 548338, 'mode': 'hosted', 'is_external': False, 'external_type': '', 'is_public': True, 'public_url_shared': False, 'display_as_bot': False, 'username': '', 'url_private': 'https://files.slack.com/files-pri/T01RBRV5F7H-F021ELTSNF2/image.png?t=xoxe-1861879185255-2068564688150-2068564727718-519dfbdd8f50e154f7dac1ab76bfc0d2', 'url_private_download': 'https://files.slack.com/files-pri/T01RBRV5F7H-F021ELTSNF2/download/image.png?t=xoxe-1861879185255-2068564688150-2068564727718-519dfbdd8f50e154f7dac1ab76bfc0d2', 'thumb_64': 'https://files.slack.com/files-tmb/T01RBRV5F7H-F021ELTSNF2-d212661d2d/image_64.png?t=xoxe-1861879185255-2068564688150-2068564727718-519dfbdd8f50e154f7dac1ab76bfc0d2', 'thumb_80': 'https://files.slack.com/files-tmb/T01RBRV5F7H-F021ELTSNF2-d212661d2d/image_80.png?t=xoxe-1861879185255-2068564688150-2068564727718-519dfbdd8f50e154f7dac1ab76bfc0d2', 'thumb_360': 'https://files.slack.com/files-tmb/T01RBRV5F7H-F021ELTSNF2-d212661d2d/image_360.png?t=xoxe-1861879185255-2068564688150-2068564727718-519dfbdd8f50e154f7dac1ab76bfc0d2', 'thumb_360_w': 337, 'thumb_360_h': 360, 'thumb_480': 'https://files.slack.com/files-tmb/T01RBRV5F7H-F021ELTSNF2-d212661d2d/image_480.png?t=xoxe-1861879185255-2068564688150-2068564727718-519dfbdd8f50e154f7dac1ab76bfc0d2', 'thumb_480_w': 449, 'thumb_480_h': 480, 'thumb_160': 'https://files.slack.com/files-tmb/T01RBRV5F7H-F021ELTSNF2-d212661d2d/image_160.png?t=xoxe-1861879185255-2068564688150-2068564727718-519dfbdd8f50e154f7dac1ab76bfc0d2', 'original_w': 500, 'original_h': 534, 'thumb_tiny': 'AwAwACypVhF2L7nrUcIDSru+6OtWnVAcowx6GrRMiPaScCnMhQjJBzTVkw/AqXzNpUjBPv1qW3zrsFvdGMjABipANJUxnZhghSPpUR69K0V+pDsV1ymSMGpVcMhyuecdarVOi7F56nrUq5bsLuUc7P1pylDyVwc+tKqFmIBx3pSu04JzS0vYLu1xoO7HUGnZpCOM0fgapJolu5Dbp5kwBOAOSfSrDx7GPOQe9V4yE65zUpcsu4EnNJMpjkkCvg5wfanB0LbipPt0qPzRnOX46c0GQswwW57E1Nlzcw+liz567dvl8emahIGeM4pC5YH5sketKM1aaRLTZ//Z', 'permalink': 'https://data-ft-ber-03-2021.slack.com/files/U01S7KCL3DF/F021ELTSNF2/image.png', 'permalink_public': 'https://slack-files.com/T01RBRV5F7H-F021ELTSNF2-de97f2822c', 'is_starred': False, 'has_rich_preview': False}]",0.0,0.0,,,,music
message,,1618393356.0002,U01S7BM4N81,<https://www.youtube.com/watch?v=wgIB1OL09H0>,2f70ebbe-5fc0-46a6-87d8-3dee9ec82bca,T01RBRV5F7H,T01RBRV5F7H,T01RBRV5F7H,"{'avatar_hash': '2adfc641e87e', 'image_72': 'https://avatars.slack-edge.com/2021-04-16/1994438084416_2adfc641e87e3a953d9c_72.png', 'first_name': 'Thamo', 'real_name': 'Thamo', 'display_name': 'Thamo', 'team': 'T01RBRV5F7H', 'name': 'thamokoeper', 'is_restricted': False, 'is_ultra_restricted': False}","[{'service_name': 'YouTube', 'service_url': 'https://www.youtube.com/', 'title': '#StevieRayVaughan,  #VoodooChild, #FeatureTube', 'title_link': 'https://www.youtube.com/watch?v=wgIB1OL09H0', 'author_name': 'Feature Tube', 'author_link': 'https://www.youtube.com/user/Abstractstv', 'thumb_url': 'https://i.ytimg.com/vi/wgIB1OL09H0/hqdefault.jpg', 'thumb_width': 480, 'thumb_height': 360, 'fallback': 'YouTube Video: #StevieRayVaughan,  #VoodooChild, #FeatureTube', 'video_html': '<iframe width=""400"" height=""300"" src=""https://www.youtube.com/embed/wgIB1OL09H0?feature=oembed&autoplay=1&iv_load_policy=3"" frameborder=""0"" allow=""accelerometer; autoplay; clipboard-write; encrypted-media; gyroscope; picture-in-picture"" allowfullscreen></iframe>', 'video_html_width': 400, 'video_html_height': 300, 'from_url': 'https://www.youtube.com/watch?v=wgIB1OL09H0', 'service_icon': 'https://a.slack-edge.com/80588/img/unfurl_icons/youtube.png', 'id': 1, 'original_url': 'https://www.youtube.com/watch?v=wgIB1OL09H0'}]","[{'type': 'rich_text', 'block_id': 'VMR', 'elements': [{'type': 'rich_text_section', 'elements': [{'type': 'link', 'url': 'https://www.youtube.com/watch?v=wgIB1OL09H0'}]}]}]",,,,,,,,,,,,,,,,,,,music
message,,1618393774.0005,U01S79YDELR,jupyter notebook,71411d15-09e7-44b5-baa2-cdf8fe96438e,T01RBRV5F7H,T01RBRV5F7H,T01RBRV5F7H,"{'avatar_hash': '606def897de6', 'image_72': 'https://avatars.slack-edge.com/2021-03-22/1910932493456_606def897de66681d932_72.jpg', 'first_name': '', 'real_name': 'Karina Condeixa', 'display_name': 'Karina Condeixa', 'team': 'T01RBRV5F7H', 'name': 'karina.condeixa', 'is_restricted': False, 'is_ultra_restricted': False}",,"[{'type': 'rich_text', 'block_id': 'gjh4d', 'elements': [{'type': 'rich_text_section', 'elements': [{'type': 'text', 'text': 'jupyter notebook'}]}]}]",,,1618393774.0005,3.0,3.0,1618574618.0016,"['U01S7BM4N81', 'U01S79YDELR', 'U01S7KCL3DF']","[{'user': 'U01S7BM4N81', 'ts': '1618393913.000700'}, {'user': 'U01S79YDELR', 'ts': '1618407527.001900'}, {'user': 'U01S7KCL3DF', 'ts': '1618574618.001600'}]",0.0,0.0,,,,,,,,,music
message,,1618393913.0007,U01S7BM4N81,lost travolta,,T01RBRV5F7H,,,,,"[{'type': 'image', 'block_id': 'toe', 'image_url': 'https://media4.giphy.com/media/GpUeJjdxvTIek/giphy-downsized.gif?cid=6104955eb2a2521c0ae7d2805717102d5e348018dc9d222f&rid=giphy-downsized.gif&ct=g', 'alt_text': 'lost travolta', 'title': {'type': 'plain_text', 'text': 'lost travolta', 'emoji': True}, 'fallback': '480x387px image', 'image_width': 480, 'image_height': 387, 'image_bytes': 1195872, 'is_animated': True}, {'type': 'context', 'block_id': 'DL+l', 'elements': [{'type': 'image', 'image_url': 'https://a.slack-edge.com/dc483/img/plugins/giphy/service_32.png', 'alt_text': 'giphy logo'}, {'type': 'mrkdwn', 'text': 'Posted using /giphy', 'verbatim': False}]}]",,,1618393774.0005,,,,,,,,,U01S79YDELR,,,,B01S7FSR36Y,"{'id': 'B01S7FSR36Y', 'deleted': False, 'name': 'giphy', 'updated': 1616421896, 'app_id': 'A0F827J2C', 'icons': {'image_36': 'https://a.slack-edge.com/dc483/img/plugins/giphy/service_72.png', 'image_48': 'https://a.slack-edge.com/dc483/img/plugins/giphy/service_48.png', 'image_72': 'https://a.slack-edge.com/dc483/img/plugins/giphy/service_72.png'}, 'team_id': 'T01RBRV5F7H'}",,music
message,,1618394491.0013,U01S081EULS,"#Data drop in Jupyter

<https://www.youtube.com/watch?v=7Xf-Lesrkuc>",56a341fa-c7a6-4ae9-91a0-0dab93a6675a,T01RBRV5F7H,T01RBRV5F7H,T01RBRV5F7H,"{'avatar_hash': '072722b5938a', 'image_72': 'https://avatars.slack-edge.com/2021-03-22/1869523305975_072722b5938a81b68381_72.png', 'first_name': '', 'real_name': 'Federico Giuliani', 'display_name': 'Federico Giuliani', 'team': 'T01RBRV5F7H', 'name': 'defe_fg', 'is_restricted': False, 'is_ultra_restricted': False}","[{'service_name': 'YouTube', 'service_url': 'https://www.youtube.com/', 'title': 'Train - Drops of Jupiter (Official Video)', 'title_link': 'https://www.youtube.com/watch?v=7Xf-Lesrkuc', 'author_name': 'TrainVEVO', 'author_link': 'https://www.youtube.com/user/TrainVEVO', 'thumb_url': 'https://i.ytimg.com/vi/7Xf-Lesrkuc/hqdefault.jpg', 'thumb_width': 480, 'thumb_height': 360, 'fallback': 'YouTube Video: Train - Drops of Jupiter (Official Video)', 'video_html': '<iframe width=""400"" height=""300"" src=""https://www.youtube.com/embed/7Xf-Lesrkuc?feature=oembed&autoplay=1&iv_load_policy=3"" frameborder=""0"" allow=""accelerometer; autoplay; clipboard-write; encrypted-media; gyroscope; picture-in-picture"" allowfullscreen></iframe>', 'video_html_width': 400, 'video_html_height': 300, 'from_url': 'https://www.youtube.com/watch?v=7Xf-Lesrkuc', 'service_icon': 'https://a.slack-edge.com/80588/img/unfurl_icons/youtube.png', 'id': 1, 'original_url': 'https://www.youtube.com/watch?v=7Xf-Lesrkuc'}]","[{'type': 'rich_text', 'block_id': 'zKML9', 'elements': [{'type': 'rich_text_section', 'elements': [{'type': 'text', 'text': '#Data drop in Jupyter\n\n'}, {'type': 'link', 'url': 'https://www.youtube.com/watch?v=7Xf-Lesrkuc'}]}]}]","{'user': 'U01S081EULS', 'ts': '1618394546.000000'}","[{'name': 'girl-grin', 'users': ['U01RW2X7S9Z'], 'count': 1}]",,,,,,,,,,,,,,,,,music
message,,1618407527.0019,U01S79YDELR,:rolling_on_the_floor_laughing: I wrote in the wrong place. It was not my terminal… opsss,b2de288a-e32b-4a8e-a157-bee06dbbb604,T01RBRV5F7H,T01RBRV5F7H,T01RBRV5F7H,"{'avatar_hash': '606def897de6', 'image_72': 'https://avatars.slack-edge.com/2021-03-22/1910932493456_606def897de66681d932_72.jpg', 'first_name': '', 'real_name': 'Karina Condeixa', 'display_name': 'Karina Condeixa', 'team': 'T01RBRV5F7H', 'name': 'karina.condeixa', 'is_restricted': False, 'is_ultra_restricted': False}",,"[{'type': 'rich_text', 'block_id': 'SAfGE', 'elements': [{'type': 'rich_text_section', 'elements': [{'type': 'emoji', 'name': 'rolling_on_the_floor_laughing'}, {'type': 'text', 'text': ' I wrote in the wrong place. It was not my terminal… opsss'}]}]}]","{'user': 'U01S79YDELR', 'ts': '1618407934.000000'}",,1618393774.0005,,,,,,,,,U01S79YDELR,,,,,,,music
message,,1616750370.0004,U01RW2X7S9Z,"Friday coding+beer tunes

<https://open.spotify.com/playlist/37i9dQZF1DWYQgqXy5cfjf?si=TiJ0AyvKTxGrAjI1Knq5Aw>",8b62683c-45ac-4c09-8d34-cb579756769d,T01RBRV5F7H,T01RBRV5F7H,T01RBRV5F7H,"{'avatar_hash': '7e12d75d168a', 'image_72': 'https://avatars.slack-edge.com/2021-03-19/1880105796643_7e12d75d168ae25c167d_72.jpg', 'first_name': 'Alexandre', 'real_name': 'Alexandre Sommerkamp', 'display_name': 'Alexandre Sommerkamp', 'team': 'T01RBRV5F7H', 'name': 'alex.c.skp', 'is_restricted': False, 'is_ultra_restricted': False}","[{'service_name': 'Spotify', 'service_url': 'https://spotify.com', 'title': 'Cumbia Colombiana', 'title_link': 'https://open.spotify.com/playlist/37i9dQZF1DWYQgqXy5cfjf?si=TiJ0AyvKTxGrAjI1Knq5Aw', 'thumb_url': 'https://i.scdn.co/image/ab67706f00000003534143fe0e4cd54b7072e079', 'thumb_width': 640, 'thumb_height': 640, 'fallback': 'Spotify Audio: Cumbia Colombiana', 'audio_html': '<iframe width=""300"" height=""380"" allowtransparency=""true"" frameborder=""0"" allow=""encrypted-media"" title=""Spotify Embed: Cumbia Colombiana"" src=""https://open.spotify.com/embed/playlist/37i9dQZF1DWYQgqXy5cfjf?si=TiJ0AyvKTxGrAjI1Knq5Aw""></iframe>', 'audio_html_width': 300, 'audio_html_height': 380, 'from_url': 'https://open.spotify.com/playlist/37i9dQZF1DWYQgqXy5cfjf?si=TiJ0AyvKTxGrAjI1Knq5Aw', 'service_icon': 'https://a.slack-edge.com/80588/img/unfurl_icons/spotify.png', 'id': 1, 'original_url': 'https://open.spotify.com/playlist/37i9dQZF1DWYQgqXy5cfjf?si=TiJ0AyvKTxGrAjI1Knq5Aw'}]","[{'type': 'rich_text', 'block_id': 'rYTA', 'elements': [{'type': 'rich_text_section', 'elements': [{'type': 'text', 'text': 'Friday coding+beer tunes\n\n'}, {'type': 'link', 'url': 'https://open.spotify.com/playlist/37i9dQZF1DWYQgqXy5cfjf?si=TiJ0AyvKTxGrAjI1Knq5Aw'}]}]}]",,"[{'name': 'surprised_owl', 'users': ['U01RKN0EGDV'], 'count': 1}, {'name': 'this-is-fine-fire', 'users': ['U01S7KCL3DF'], 'count': 1}]",,,,,,,,,,,,,,,,,music
message,,1616750417.0006,U01RXCQHMHT,You know Ghetts? Nice :smile:,f8ea57a7-eccf-4030-8e72-d372d95f61d5,T01RBRV5F7H,T01RBRV5F7H,T01RBRV5F7H,"{'avatar_hash': '7290c61c38a0', 'image_72': 'https://avatars.slack-edge.com/2021-03-22/1898002028225_7290c61c38a01ad66680_72.jpg', 'first_name': 'Thanh', 'real_name': 'Thanh Tung Ha Thuc DAFT Berlin March 2021', 'display_name': 'Tony Ha', 'team': 'T01RBRV5F7H', 'name': 'tony.hathuc', 'is_restricted': False, 'is_ultra_restricted': False}",,"[{'type': 'rich_text', 'block_id': 'WeM', 'elements': [{'type': 'rich_text_section', 'elements': [{'type': 'text', 'text': 'You know Ghetts? Nice '}, {'type': 'emoji', 'name': 'smile'}]}]}]",,,1616668489.0034,,,,,,,,,U01RSRE0N3D,,,,,,,music
message,,1616750650.0012,U01RKN0EGDV,<https://youtu.be/a1RxpJkvqpY>,e7b94bcb-f185-4892-91c6-bbf9e4403b22,T01RBRV5F7H,T01RBRV5F7H,T01RBRV5F7H,"{'avatar_hash': 'abe46e9352ee', 'image_72': 'https://avatars.slack-edge.com/2021-03-24/1878427345639_abe46e9352ee26531094_72.jpg', 'first_name': 'Marian', 'real_name': 'Marian Moreno', 'display_name': 'Marian (she/her)', 'team': 'T01RBRV5F7H', 'name': 'marimor62', 'is_restricted': False, 'is_ultra_restricted': False}","[{'service_name': 'YouTube', 'service_url': 'https://www.youtube.com/', 'title': 'Live coding dub techno in Sonic Pi', 'title_link': 'https://youtu.be/a1RxpJkvqpY', 'author_name': 'Jindřich Mynarz', 'author_link': 'https://www.youtube.com/c/JindřichMynarz', 'thumb_url': 'https://i.ytimg.com/vi/a1RxpJkvqpY/hqdefault.jpg', 'thumb_width': 480, 'thumb_height': 360, 'fallback': 'YouTube Video: Live coding dub techno in Sonic Pi', 'video_html': '<iframe width=""400"" height=""225"" src=""https://www.youtube.com/embed/a1RxpJkvqpY?feature=oembed&autoplay=1&iv_load_policy=3"" frameborder=""0"" allow=""accelerometer; autoplay; clipboard-write; encrypted-media; gyroscope; picture-in-picture"" allowfullscreen></iframe>', 'video_html_width': 400, 'video_html_height': 225, 'from_url': 'https://youtu.be/a1RxpJkvqpY', 'service_icon': 'https://a.slack-edge.com/80588/img/unfurl_icons/youtube.png', 'id': 1, 'original_url': 'https://youtu.be/a1RxpJkvqpY'}]","[{'type': 'rich_text', 'block_id': '5H/3', 'elements': [{'type': 'rich_text_section', 'elements': [{'type': 'link', 'url': 'https://youtu.be/a1RxpJkvqpY'}]}]}]",,,,,,,,,,,,,,,,,,,music
message,,1616773498.0016,U01RXCQHMHT,<@U01RSRE0N3D> <https://www.youtube.com/watch?v=PdPttrO-nt4> Eyyyyyy,601191ab-6482-4b4b-a1d7-de3efa2ed5a9,T01RBRV5F7H,T01RBRV5F7H,T01RBRV5F7H,"{'avatar_hash': '7290c61c38a0', 'image_72': 'https://avatars.slack-edge.com/2021-03-22/1898002028225_7290c61c38a01ad66680_72.jpg', 'first_name': 'Thanh', 'real_name': 'Thanh Tung Ha Thuc DAFT Berlin March 2021', 'display_name': 'Tony Ha', 'team': 'T01RBRV5F7H', 'name': 'tony.hathuc', 'is_restricted': False, 'is_ultra_restricted': False}","[{'service_name': 'YouTube', 'service_url': 'https://www.youtube.com/', 'title': 'SAFE - Rumors (Official Video)', 'title_link': 'https://www.youtube.com/watch?v=PdPttrO-nt4', 'author_name': 'SAFE', 'author_link': 'https://www.youtube.com/channel/UCwKmLo1I-QT7q65Ellugk1g', 'thumb_url': 'https://i.ytimg.com/vi/PdPttrO-nt4/hqdefault.jpg', 'thumb_width': 480, 'thumb_height': 360, 'fallback': 'YouTube Video: SAFE - Rumors (Official Video)', 'video_html': '<iframe width=""400"" height=""225"" src=""https://www.youtube.com/embed/PdPttrO-nt4?feature=oembed&autoplay=1&iv_load_policy=3"" frameborder=""0"" allow=""accelerometer; autoplay; clipboard-write; encrypted-media; gyroscope; picture-in-picture"" allowfullscreen></iframe>', 'video_html_width': 400, 'video_html_height': 225, 'from_url': 'https://www.youtube.com/watch?v=PdPttrO-nt4', 'service_icon': 'https://a.slack-edge.com/80588/img/unfurl_icons/youtube.png', 'id': 1, 'original_url': 'https://www.youtube.com/watch?v=PdPttrO-nt4'}]","[{'type': 'rich_text', 'block_id': 'xaR0p', 'elements': [{'type': 'rich_text_section', 'elements': [{'type': 'user', 'user_id': 'U01RSRE0N3D'}, {'type': 'text', 'text': ' '}, {'type': 'link', 'url': 'https://www.youtube.com/watch?v=PdPttrO-nt4'}, {'type': 'text', 'text': ' Eyyyyyy'}]}]}]",,,1616773498.0016,2.0,1.0,1616774604.0027,['U01RSRE0N3D'],"[{'user': 'U01RSRE0N3D', 'ts': '1616774567.002400'}, {'user': 'U01RSRE0N3D', 'ts': '1616774604.002700'}]",0.0,1.0,1616774604.0027,,,,,,,,music
message,,1616773928.002,U01RXCQHMHT,"Hits different

<https://www.youtube.com/watch?v=pV_76Nc1Ue8&amp;t=401s>",96d849ea-c5fc-41c6-9260-17d531748320,T01RBRV5F7H,T01RBRV5F7H,T01RBRV5F7H,"{'avatar_hash': '7290c61c38a0', 'image_72': 'https://avatars.slack-edge.com/2021-03-22/1898002028225_7290c61c38a01ad66680_72.jpg', 'first_name': 'Thanh', 'real_name': 'Thanh Tung Ha Thuc DAFT Berlin March 2021', 'display_name': 'Tony Ha', 'team': 'T01RBRV5F7H', 'name': 'tony.hathuc', 'is_restricted': False, 'is_ultra_restricted': False}","[{'service_name': 'YouTube', 'service_url': 'https://www.youtube.com/', 'title': 'Linkin Park Meteora 2003 [Full Album]', 'title_link': 'https://www.youtube.com/watch?v=pV_76Nc1Ue8&amp;t=401s', 'author_name': 'Music Hall Top Rock', 'author_link': 'https://www.youtube.com/channel/UCONPzuZTuOYd0l87xsgEV0g', 'thumb_url': 'https://i.ytimg.com/vi/pV_76Nc1Ue8/hqdefault.jpg', 'thumb_width': 480, 'thumb_height': 360, 'fallback': 'YouTube Video: Linkin Park Meteora 2003 [Full Album]', 'video_html': '<iframe width=""400"" height=""300"" src=""https://www.youtube.com/embed/pV_76Nc1Ue8?feature=oembed&start=401&autoplay=1&iv_load_policy=3"" frameborder=""0"" allow=""accelerometer; autoplay; clipboard-write; encrypted-media; gyroscope; picture-in-picture"" allowfullscreen></iframe>', 'video_html_width': 400, 'video_html_height': 300, 'from_url': 'https://www.youtube.com/watch?v=pV_76Nc1Ue8&amp;t=401s', 'service_icon': 'https://a.slack-edge.com/80588/img/unfurl_icons/youtube.png', 'id': 1, 'original_url': 'https://www.youtube.com/watch?v=pV_76Nc1Ue8&amp;t=401s'}]","[{'type': 'rich_text', 'block_id': 'KSB', 'elements': [{'type': 'rich_text_section', 'elements': [{'type': 'text', 'text': 'Hits different\n\n'}, {'type': 'link', 'url': 'https://www.youtube.com/watch?v=pV_76Nc1Ue8&t=401s'}]}]}]",,"[{'name': 'raised_hands', 'users': ['U01RW2X7S9Z'], 'count': 1}]",,,,,,,,,,,,,,,,,music
message,,1616774567.0024,U01RSRE0N3D,damn,,T01RBRV5F7H,,,,,"[{'type': 'image', 'block_id': 'hWYj', 'image_url': 'https://media2.giphy.com/media/t9ctG5MZhyyU8/giphy.gif?cid=6104955e3b5f8ed15aff69025a1d6fefb92b5edc81b2a705&rid=giphy.gif&ct=g', 'alt_text': 'damn', 'title': {'type': 'plain_text', 'text': 'damn', 'emoji': True}, 'fallback': '238x235px image', 'image_width': 238, 'image_height': 235, 'image_bytes': 1222602, 'is_animated': True}, {'type': 'context', 'block_id': '+NtnE', 'elements': [{'type': 'image', 'image_url': 'https://a.slack-edge.com/dc483/img/plugins/giphy/service_32.png', 'alt_text': 'giphy logo'}, {'type': 'mrkdwn', 'text': 'Posted using /giphy', 'verbatim': False}]}]",,,1616773498.0016,,,,,,,,,U01RXCQHMHT,,,,B01S7FSR36Y,"{'id': 'B01S7FSR36Y', 'deleted': False, 'name': 'giphy', 'updated': 1616421896, 'app_id': 'A0F827J2C', 'icons': {'image_36': 'https://a.slack-edge.com/dc483/img/plugins/giphy/service_72.png', 'image_48': 'https://a.slack-edge.com/dc483/img/plugins/giphy/service_48.png', 'image_72': 'https://a.slack-edge.com/dc483/img/plugins/giphy/service_72.png'}, 'team_id': 'T01RBRV5F7H'}",,music
message,,1616774604.0027,U01RSRE0N3D,dance,,T01RBRV5F7H,,,,,"[{'type': 'image', 'block_id': 'sl6NH', 'image_url': 'https://media1.giphy.com/media/wAxlCmeX1ri1y/giphy.gif?cid=6104955ebdbe590a8e38ef7c85999e668ed684d31dd4f85a&rid=giphy.gif&ct=g', 'alt_text': 'dance', 'title': {'type': 'plain_text', 'text': 'dance', 'emoji': True}, 'fallback': '480x360px image', 'image_width': 480, 'image_height': 360, 'image_bytes': 1224879, 'is_animated': True}, {'type': 'context', 'block_id': 'cGUN', 'elements': [{'type': 'image', 'image_url': 'https://a.slack-edge.com/dc483/img/plugins/giphy/service_32.png', 'alt_text': 'giphy logo'}, {'type': 'mrkdwn', 'text': 'Posted using /giphy | GIF by <https://giphy.com/romy/|Romy>', 'verbatim': False}]}]",,,1616773498.0016,,,,,,,,,U01RXCQHMHT,,,,B01S7FSR36Y,"{'id': 'B01S7FSR36Y', 'deleted': False, 'name': 'giphy', 'updated': 1616421896, 'app_id': 'A0F827J2C', 'icons': {'image_36': 'https://a.slack-edge.com/dc483/img/plugins/giphy/service_72.png', 'image_48': 'https://a.slack-edge.com/dc483/img/plugins/giphy/service_48.png', 'image_72': 'https://a.slack-edge.com/dc483/img/plugins/giphy/service_72.png'}, 'team_id': 'T01RBRV5F7H'}",,music
message,,1619080639.0002,U01RRV4JX6Z,Today's music: <https://www.youtube.com/watch?v=VcUMzRx9z2s>,6210cad5-5d67-40e9-9aac-35a51aa31004,T01RBRV5F7H,T01RBRV5F7H,T01RBRV5F7H,"{'avatar_hash': '339c4d69b7d9', 'image_72': 'https://avatars.slack-edge.com/2021-04-14/1961122781618_339c4d69b7d9fe16343a_72.jpg', 'first_name': '', 'real_name': 'Francisco Ebeling', 'display_name': 'Francisco Ebeling', 'team': 'T01RBRV5F7H', 'name': 'ebelingbarros', 'is_restricted': False, 'is_ultra_restricted': False}","[{'service_name': 'YouTube', 'service_url': 'https://www.youtube.com/', 'title': 'Law Of The Sword - Live in São Paulo - VIPER Tuesdays', 'title_link': 'https://www.youtube.com/watch?v=VcUMzRx9z2s', 'author_name': 'Wikimetal', 'author_link': 'https://www.youtube.com/user/WikimetalBrasil', 'thumb_url': 'https://i.ytimg.com/vi/VcUMzRx9z2s/hqdefault.jpg', 'thumb_width': 480, 'thumb_height': 360, 'fallback': 'YouTube Video: Law Of The Sword - Live in São Paulo - VIPER Tuesdays', 'video_html': '<iframe width=""400"" height=""225"" src=""https://www.youtube.com/embed/VcUMzRx9z2s?feature=oembed&autoplay=1&iv_load_policy=3"" frameborder=""0"" allow=""accelerometer; autoplay; clipboard-write; encrypted-media; gyroscope; picture-in-picture"" allowfullscreen></iframe>', 'video_html_width': 400, 'video_html_height': 225, 'from_url': 'https://www.youtube.com/watch?v=VcUMzRx9z2s', 'service_icon': 'https://a.slack-edge.com/80588/img/unfurl_icons/youtube.png', 'id': 1, 'original_url': 'https://www.youtube.com/watch?v=VcUMzRx9z2s'}]","[{'type': 'rich_text', 'block_id': 'B6r0P', 'elements': [{'type': 'rich_text_section', 'elements': [{'type': 'text', 'text': ""Today's music: ""}, {'type': 'link', 'url': 'https://www.youtube.com/watch?v=VcUMzRx9z2s'}]}]}]",,"[{'name': 'raised_hands', 'users': ['U01RW2X7S9Z', 'U01S081EULS'], 'count': 2}]",,,,,,,,,,,,,,,,,music
message,,1619084169.0005,U01RW140HBP,listening :headphones:,f811f4e7-8daf-4f7b-8a11-f68054d911d9,T01RBRV5F7H,T01RBRV5F7H,T01RBRV5F7H,"{'avatar_hash': '4c43a3a8d10b', 'image_72': 'https://avatars.slack-edge.com/2021-03-21/1895736308209_4c43a3a8d10bc2fe5e13_72.png', 'first_name': 'siand', 'real_name': 'siand the LT (she/her)', 'display_name': 'siand the LT (she/her)', 'team': 'T01RBRV5F7H', 'name': 'sian.davies', 'is_restricted': False, 'is_ultra_restricted': False}",,"[{'type': 'rich_text', 'block_id': 'TV+', 'elements': [{'type': 'rich_text_section', 'elements': [{'type': 'text', 'text': 'listening '}, {'type': 'emoji', 'name': 'headphones'}]}]}]",,"[{'name': 'giphy', 'users': ['U01RW2X7S9Z'], 'count': 1}]",1618823509.0011,,,,,,,,,U01RW2X7S9Z,,,,,,,music
message,,1619115027.001,U01S1CWGTU4,<https://www.youtube.com/watch?v=OlZsZfXkYjk>,d90eb63d-0d12-4d0f-898f-ff6563673bf5,T01RBRV5F7H,T01RBRV5F7H,T01RBRV5F7H,"{'avatar_hash': '09076999792d', 'image_72': 'https://avatars.slack-edge.com/2021-03-21/1868032103895_09076999792d539af81c_72.png', 'first_name': '', 'real_name': 'Antonio Saleme Sastre', 'display_name': 'Antonio Saleme Sastre', 'team': 'T01RBRV5F7H', 'name': 'salemesastre', 'is_restricted': False, 'is_ultra_restricted': False}","[{'service_name': 'YouTube', 'service_url': 'https://www.youtube.com/', 'title': 'Calle 13 - Fiesta De Locos (En Vivo Desde Buenos Aires) (Video)', 'title_link': 'https://www.youtube.com/watch?v=OlZsZfXkYjk', 'author_name': 'Calle13VEVO', 'author_link': 'https://www.youtube.com/user/Calle13VEVO', 'thumb_url': 'https://i.ytimg.com/vi/OlZsZfXkYjk/hqdefault.jpg', 'thumb_width': 480, 'thumb_height': 360, 'fallback': 'YouTube Video: Calle 13 - Fiesta De Locos (En Vivo Desde Buenos Aires) (Video)', 'video_html': '<iframe width=""400"" height=""300"" src=""https://www.youtube.com/embed/OlZsZfXkYjk?feature=oembed&autoplay=1&iv_load_policy=3"" frameborder=""0"" allow=""accelerometer; autoplay; clipboard-write; encrypted-media; gyroscope; picture-in-picture"" allowfullscreen></iframe>', 'video_html_width': 400, 'video_html_height': 300, 'from_url': 'https://www.youtube.com/watch?v=OlZsZfXkYjk', 'service_icon': 'https://a.slack-edge.com/80588/img/unfurl_icons/youtube.png', 'id': 1, 'original_url': 'https://www.youtube.com/watch?v=OlZsZfXkYjk'}]","[{'type': 'rich_text', 'block_id': 'j/acA', 'elements': [{'type': 'rich_text_section', 'elements': [{'type': 'link', 'url': 'https://www.youtube.com/watch?v=OlZsZfXkYjk'}]}]}]",,,1619115027.001,1.0,1.0,1619168188.0095,['U01S7KCL3DF'],"[{'user': 'U01S7KCL3DF', 'ts': '1619168188.009500'}]",0.0,0.0,,,,,,,,,music
message,,1619115579.002,U01S1CWGTU4,<https://www.youtube.com/watch?v=P5kCz4v5ESs>,15687656-3c69-49aa-a783-3771ec485a61,T01RBRV5F7H,T01RBRV5F7H,T01RBRV5F7H,"{'avatar_hash': '09076999792d', 'image_72': 'https://avatars.slack-edge.com/2021-03-21/1868032103895_09076999792d539af81c_72.png', 'first_name': '', 'real_name': 'Antonio Saleme Sastre', 'display_name': 'Antonio Saleme Sastre', 'team': 'T01RBRV5F7H', 'name': 'salemesastre', 'is_restricted': False, 'is_ultra_restricted': False}","[{'service_name': 'YouTube', 'service_url': 'https://www.youtube.com/', 'title': ""Die Antwoord - Baby's on fire [Radio Edit]"", 'title_link': 'https://www.youtube.com/watch?v=P5kCz4v5ESs', 'author_name': 'GAETAN', 'author_link': 'https://www.youtube.com/channel/UC1rND4d90fH4uiqzcLb5AJg', 'thumb_url': 'https://i.ytimg.com/vi/P5kCz4v5ESs/hqdefault.jpg', 'thumb_width': 480, 'thumb_height': 360, 'fallback': ""YouTube Video: Die Antwoord - Baby's on fire [Radio Edit]"", 'video_html': '<iframe width=""400"" height=""225"" src=""https://www.youtube.com/embed/P5kCz4v5ESs?feature=oembed&autoplay=1&iv_load_policy=3"" frameborder=""0"" allow=""accelerometer; autoplay; clipboard-write; encrypted-media; gyroscope; picture-in-picture"" allowfullscreen></iframe>', 'video_html_width': 400, 'video_html_height': 225, 'from_url': 'https://www.youtube.com/watch?v=P5kCz4v5ESs', 'service_icon': 'https://a.slack-edge.com/80588/img/unfurl_icons/youtube.png', 'id': 1, 'original_url': 'https://www.youtube.com/watch?v=P5kCz4v5ESs'}]","[{'type': 'rich_text', 'block_id': 'zZc1', 'elements': [{'type': 'rich_text_section', 'elements': [{'type': 'link', 'url': 'https://www.youtube.com/watch?v=P5kCz4v5ESs'}]}]}]",,"[{'name': 'cool-doge', 'users': ['U01RKN0EGDV'], 'count': 1}]",,,,,,,,,,,,,,,,,music
message,,1619115593.0023,U01RKN0EGDV,stos son lo maaaaaaaaaaas,ba1b3b98-cc38-4e76-be10-759a42dc6cd0,T01RBRV5F7H,T01RBRV5F7H,T01RBRV5F7H,"{'avatar_hash': 'abe46e9352ee', 'image_72': 'https://avatars.slack-edge.com/2021-03-24/1878427345639_abe46e9352ee26531094_72.jpg', 'first_name': 'Marian', 'real_name': 'Marian Moreno', 'display_name': 'Marian (she/her)', 'team': 'T01RBRV5F7H', 'name': 'marimor62', 'is_restricted': False, 'is_ultra_restricted': False}",,"[{'type': 'rich_text', 'block_id': '7eq', 'elements': [{'type': 'rich_text_section', 'elements': [{'type': 'text', 'text': 'stos son lo maaaaaaaaaaas'}]}]}]",,,,,,,,,,,,,,,,,,,music
message,,1619115649.0026,U01RW2X7S9Z,pseee no mas que calle trece :stuck_out_tongue:,3662a48a-16e7-4056-a94d-4b966690131f,T01RBRV5F7H,T01RBRV5F7H,T01RBRV5F7H,"{'avatar_hash': '7e12d75d168a', 'image_72': 'https://avatars.slack-edge.com/2021-03-19/1880105796643_7e12d75d168ae25c167d_72.jpg', 'first_name': 'Alexandre', 'real_name': 'Alexandre Sommerkamp', 'display_name': 'Alexandre Sommerkamp', 'team': 'T01RBRV5F7H', 'name': 'alex.c.skp', 'is_restricted': False, 'is_ultra_restricted': False}",,"[{'type': 'rich_text', 'block_id': '9q/m8', 'elements': [{'type': 'rich_text_section', 'elements': [{'type': 'text', 'text': 'pseee no mas que calle trece '}, {'type': 'emoji', 'name': 'stuck_out_tongue'}]}]}]",,"[{'name': 'dancing_dog', 'users': ['U01RKN0EGDV'], 'count': 1}, {'name': 'boludo', 'users': ['U01S1CWGTU4'], 'count': 1}]",,,,,,,,,,,,,,,,,music
message,,1619115705.0035,U01RKN0EGDV,hahahha ups,53c7efb3-f9bd-436b-b3aa-9ba3a1740be2,T01RBRV5F7H,T01RBRV5F7H,T01RBRV5F7H,"{'avatar_hash': 'abe46e9352ee', 'image_72': 'https://avatars.slack-edge.com/2021-03-24/1878427345639_abe46e9352ee26531094_72.jpg', 'first_name': 'Marian', 'real_name': 'Marian Moreno', 'display_name': 'Marian (she/her)', 'team': 'T01RBRV5F7H', 'name': 'marimor62', 'is_restricted': False, 'is_ultra_restricted': False}",,"[{'type': 'rich_text', 'block_id': '9rtJ4', 'elements': [{'type': 'rich_text_section', 'elements': [{'type': 'text', 'text': 'hahahha ups'}]}]}]",,,,,,,,,,,,,,,,,,,music
message,,1619116184.0047,U01RKN0EGDV,<https://youtu.be/SOJSM46nWwo> <@U01S1CWGTU4> another good intro,b66777fb-2725-419e-878e-6ca52be8e1fa,T01RBRV5F7H,T01RBRV5F7H,T01RBRV5F7H,"{'avatar_hash': 'abe46e9352ee', 'image_72': 'https://avatars.slack-edge.com/2021-03-24/1878427345639_abe46e9352ee26531094_72.jpg', 'first_name': 'Marian', 'real_name': 'Marian Moreno', 'display_name': 'Marian (she/her)', 'team': 'T01RBRV5F7H', 'name': 'marimor62', 'is_restricted': False, 'is_ultra_restricted': False}","[{'service_name': 'YouTube', 'service_url': 'https://www.youtube.com/', 'title': 'Madness - One Step Beyond (Official Video)', 'title_link': 'https://youtu.be/SOJSM46nWwo', 'author_name': 'UnionSquareMusic', 'author_link': 'https://www.youtube.com/user/UnionSquareMusic', 'thumb_url': 'https://i.ytimg.com/vi/SOJSM46nWwo/hqdefault.jpg', 'thumb_width': 480, 'thumb_height': 360, 'fallback': 'YouTube Video: Madness - One Step Beyond (Official Video)', 'video_html': '<iframe width=""400"" height=""300"" src=""https://www.youtube.com/embed/SOJSM46nWwo?feature=oembed&autoplay=1&iv_load_policy=3"" frameborder=""0"" allow=""accelerometer; autoplay; clipboard-write; encrypted-media; gyroscope; picture-in-picture"" allowfullscreen></iframe>', 'video_html_width': 400, 'video_html_height': 300, 'from_url': 'https://youtu.be/SOJSM46nWwo', 'service_icon': 'https://a.slack-edge.com/80588/img/unfurl_icons/youtube.png', 'id': 1, 'original_url': 'https://youtu.be/SOJSM46nWwo'}]","[{'type': 'rich_text', 'block_id': 'bYAY', 'elements': [{'type': 'rich_text_section', 'elements': [{'type': 'link', 'url': 'https://youtu.be/SOJSM46nWwo'}, {'type': 'text', 'text': ' '}, {'type': 'user', 'user_id': 'U01S1CWGTU4'}, {'type': 'text', 'text': ' another good intro'}]}]}]",,"[{'name': 'rolling_on_the_floor_laughing', 'users': ['U01S1CWGTU4'], 'count': 1}]",1619116184.0047,1.0,1.0,1619161039.0078,['U01RW2X7S9Z'],"[{'user': 'U01RW2X7S9Z', 'ts': '1619161039.007800'}]",0.0,0.0,,,,,,,,,music
message,,1619116428.0051,U01RXCQHMHT,":sob:

<https://www.youtube.com/watch?v=RjwtbWjNSes>",d53cfd96-acf1-40d7-8912-6e23af0d8ab8,T01RBRV5F7H,T01RBRV5F7H,T01RBRV5F7H,"{'avatar_hash': '7290c61c38a0', 'image_72': 'https://avatars.slack-edge.com/2021-03-22/1898002028225_7290c61c38a01ad66680_72.jpg', 'first_name': 'Thanh', 'real_name': 'Thanh Tung Ha Thuc DAFT Berlin March 2021', 'display_name': 'Tony Ha', 'team': 'T01RBRV5F7H', 'name': 'tony.hathuc', 'is_restricted': False, 'is_ultra_restricted': False}","[{'service_name': 'YouTube', 'service_url': 'https://www.youtube.com/', 'title': 'Rodrigo Y Gabriela - Stairway To Heaven', 'title_link': 'https://www.youtube.com/watch?v=RjwtbWjNSes', 'author_name': 'atorecords', 'author_link': 'https://www.youtube.com/c/atorecords', 'thumb_url': 'https://i.ytimg.com/vi/RjwtbWjNSes/hqdefault.jpg', 'thumb_width': 480, 'thumb_height': 360, 'fallback': 'YouTube Video: Rodrigo Y Gabriela - Stairway To Heaven', 'video_html': '<iframe width=""400"" height=""300"" src=""https://www.youtube.com/embed/RjwtbWjNSes?feature=oembed&autoplay=1&iv_load_policy=3"" frameborder=""0"" allow=""accelerometer; autoplay; clipboard-write; encrypted-media; gyroscope; picture-in-picture"" allowfullscreen></iframe>', 'video_html_width': 400, 'video_html_height': 300, 'from_url': 'https://www.youtube.com/watch?v=RjwtbWjNSes', 'service_icon': 'https://a.slack-edge.com/80588/img/unfurl_icons/youtube.png', 'id': 1, 'original_url': 'https://www.youtube.com/watch?v=RjwtbWjNSes'}]","[{'type': 'rich_text', 'block_id': 'Krw', 'elements': [{'type': 'rich_text_section', 'elements': [{'type': 'emoji', 'name': 'sob'}, {'type': 'text', 'text': '\n\n'}, {'type': 'link', 'url': 'https://www.youtube.com/watch?v=RjwtbWjNSes'}]}]}]",,,,,,,,,,,,,,,,,,,music
message,,1619116751.0055,U01RKN0EGDV,<https://youtu.be/jtgA0jvhp2A>,e2806461-8332-4fd8-b5e3-bd1939a76539,T01RBRV5F7H,T01RBRV5F7H,T01RBRV5F7H,"{'avatar_hash': 'abe46e9352ee', 'image_72': 'https://avatars.slack-edge.com/2021-03-24/1878427345639_abe46e9352ee26531094_72.jpg', 'first_name': 'Marian', 'real_name': 'Marian Moreno', 'display_name': 'Marian (she/her)', 'team': 'T01RBRV5F7H', 'name': 'marimor62', 'is_restricted': False, 'is_ultra_restricted': False}","[{'service_name': 'YouTube', 'service_url': 'https://www.youtube.com/', 'title': 'Dubioza kolektiv ""No Escape (from Balkan)"" (Official video)', 'title_link': 'https://youtu.be/jtgA0jvhp2A', 'author_name': 'Dubioza kolektiv', 'author_link': 'https://www.youtube.com/user/dubiozatv', 'thumb_url': 'https://i.ytimg.com/vi/jtgA0jvhp2A/hqdefault.jpg', 'thumb_width': 480, 'thumb_height': 360, 'fallback': 'YouTube Video: Dubioza kolektiv ""No Escape (from Balkan)"" (Official video)', 'video_html': '<iframe width=""400"" height=""225"" src=""https://www.youtube.com/embed/jtgA0jvhp2A?feature=oembed&autoplay=1&iv_load_policy=3"" frameborder=""0"" allow=""accelerometer; autoplay; clipboard-write; encrypted-media; gyroscope; picture-in-picture"" allowfullscreen></iframe>', 'video_html_width': 400, 'video_html_height': 225, 'from_url': 'https://youtu.be/jtgA0jvhp2A', 'service_icon': 'https://a.slack-edge.com/80588/img/unfurl_icons/youtube.png', 'id': 1, 'original_url': 'https://youtu.be/jtgA0jvhp2A'}]","[{'type': 'rich_text', 'block_id': 'fa1KX', 'elements': [{'type': 'rich_text_section', 'elements': [{'type': 'link', 'url': 'https://youtu.be/jtgA0jvhp2A'}]}]}]",,"[{'name': 'raised_hands', 'users': ['U01RSRE0N3D'], 'count': 1}, {'name': 'giphy', 'users': ['U01RW2X7S9Z'], 'count': 1}]",1619116751.0055,4.0,4.0,1619173267.0112,"['U01RSRE0N3D', 'U01RW2X7S9Z', 'U01RKN0EGDV', 'U01S7KCL3DF']","[{'user': 'U01RSRE0N3D', 'ts': '1619161071.008100'}, {'user': 'U01RW2X7S9Z', 'ts': '1619161342.008400'}, {'user': 'U01RKN0EGDV', 'ts': '1619162825.009000'}, {'user': 'U01S7KCL3DF', 'ts': '1619173267.011200'}]",0.0,1.0,1619173267.0112,,,,,,,,music
message,,1619116986.0057,U01RRV4JX6Z,"<@U01S1CWGTU4>, do you like these guys? <https://youtu.be/VdtMyU9FAao|https://youtu.be/VdtMyU9FAao>",8ff59817-0aa2-41fd-aa84-d9e1158e37f8,T01RBRV5F7H,T01RBRV5F7H,T01RBRV5F7H,"{'avatar_hash': '339c4d69b7d9', 'image_72': 'https://avatars.slack-edge.com/2021-04-14/1961122781618_339c4d69b7d9fe16343a_72.jpg', 'first_name': '', 'real_name': 'Francisco Ebeling', 'display_name': 'Francisco Ebeling', 'team': 'T01RBRV5F7H', 'name': 'ebelingbarros', 'is_restricted': False, 'is_ultra_restricted': False}","[{'service_name': 'YouTube', 'service_url': 'https://www.youtube.com/', 'title': 'el minerito', 'title_link': 'https://youtu.be/VdtMyU9FAao', 'author_name': 'bajolatinoamericano', 'author_link': 'https://www.youtube.com/user/bajolatinoamericano', 'thumb_url': 'https://i.ytimg.com/vi/VdtMyU9FAao/hqdefault.jpg', 'thumb_width': 480, 'thumb_height': 360, 'fallback': 'YouTube Video: el minerito', 'video_html': '<iframe width=""400"" height=""300"" src=""https://www.youtube.com/embed/VdtMyU9FAao?feature=oembed&autoplay=1&iv_load_policy=3"" frameborder=""0"" allow=""accelerometer; autoplay; clipboard-write; encrypted-media; gyroscope; picture-in-picture"" allowfullscreen></iframe>', 'video_html_width': 400, 'video_html_height': 300, 'from_url': 'https://youtu.be/VdtMyU9FAao', 'service_icon': 'https://a.slack-edge.com/80588/img/unfurl_icons/youtube.png', 'id': 1, 'original_url': 'https://youtu.be/VdtMyU9FAao'}]","[{'type': 'rich_text', 'block_id': 'HsST', 'elements': [{'type': 'rich_text_section', 'elements': [{'type': 'user', 'user_id': 'U01S1CWGTU4'}, {'type': 'text', 'text': ', do you like these guys? '}, {'type': 'link', 'url': 'https://youtu.be/VdtMyU9FAao', 'text': 'https://youtu.be/VdtMyU9FAao'}]}]}]",,"[{'name': 'heart', 'users': ['U01S1CWGTU4', 'U01RW140HBP'], 'count': 2}]",1619116986.0057,7.0,3.0,1619170866.0107,"['U01S1CWGTU4', 'U01RRV4JX6Z', 'U01S7KCL3DF']","[{'user': 'U01S1CWGTU4', 'ts': '1619117098.006100'}, {'user': 'U01S1CWGTU4', 'ts': '1619117217.006300'}, {'user': 'U01RRV4JX6Z', 'ts': '1619117434.006700'}, {'user': 'U01S1CWGTU4', 'ts': '1619118033.006900'}, {'user': 'U01S1CWGTU4', 'ts': '1619119535.007300'}, {'user': 'U01S7KCL3DF', 'ts': '1619169391.009700'}, {'user': 'U01S7KCL3DF', 'ts': '1619170866.010700'}]",0.0,0.0,,,,,,,,,music
message,,1619117098.0061,U01S1CWGTU4,I like willy gonzalez with Micaela Vita!,2d364e02-dfed-4bd7-8467-ca4e7a2ca5af,T01RBRV5F7H,T01RBRV5F7H,T01RBRV5F7H,"{'avatar_hash': '09076999792d', 'image_72': 'https://avatars.slack-edge.com/2021-03-21/1868032103895_09076999792d539af81c_72.png', 'first_name': '', 'real_name': 'Antonio Saleme Sastre', 'display_name': 'Antonio Saleme Sastre', 'team': 'T01RBRV5F7H', 'name': 'salemesastre', 'is_restricted': False, 'is_ultra_restricted': False}",,"[{'type': 'rich_text', 'block_id': 's4fG', 'elements': [{'type': 'rich_text_section', 'elements': [{'type': 'text', 'text': 'I like willy gonzalez with Micaela Vita!'}]}]}]",,,1619116986.0057,,,,,,,,,U01RRV4JX6Z,,,,,,,music
message,,1619117217.0063,U01S1CWGTU4,<https://www.instagram.com/p/BVhpu1xFTY4/?igshid=1hd8rtq0tf54i> :grimacing:,ef7505c9-dab8-4aae-b8dc-4b8583b1001f,T01RBRV5F7H,T01RBRV5F7H,T01RBRV5F7H,"{'avatar_hash': '09076999792d', 'image_72': 'https://avatars.slack-edge.com/2021-03-21/1868032103895_09076999792d539af81c_72.png', 'first_name': '', 'real_name': 'Antonio Saleme Sastre', 'display_name': 'Antonio Saleme Sastre', 'team': 'T01RBRV5F7H', 'name': 'salemesastre', 'is_restricted': False, 'is_ultra_restricted': False}","[{'service_name': 'Instagram', 'service_url': 'https://www.instagram.com/', 'author_name': 'kilosastre', 'thumb_url': 'https://scontent.cdninstagram.com/v/t51.2885-15/e15/s480x480/19367394_1961965110742430_1625181879248355328_n.jpg?tp=1&_nc_ht=scontent.cdninstagram.com&_nc_cat=102&_nc_ohc=oyDb1bkv5DQAX-DWXkk&edm=AMO9-JQAAAAA&ccb=7-4&oh=b1629dc4062b95ddc8215929ddb941b1&oe=608412DA&_nc_sid=b9f2ee', 'thumb_width': 480, 'thumb_height': 480, 'fallback': 'Instagram Photo: ', 'image_url': 'https://scontent.cdninstagram.com/v/t51.2885-15/e15/s480x480/19367394_1961965110742430_1625181879248355328_n.jpg?tp=1&_nc_ht=scontent.cdninstagram.com&_nc_cat=102&_nc_ohc=oyDb1bkv5DQAX-DWXkk&edm=AMO9-JQAAAAA&ccb=7-4&oh=b1629dc4062b95ddc8215929ddb941b1&oe=608412DA&_nc_sid=b9f2ee', 'image_width': 480, 'image_height': 480, 'from_url': 'https://www.instagram.com/p/BVhpu1xFTY4/?igshid=1hd8rtq0tf54i', 'image_bytes': 31222, 'id': 1, 'original_url': 'https://www.instagram.com/p/BVhpu1xFTY4/?igshid=1hd8rtq0tf54i'}]","[{'type': 'rich_text', 'block_id': '/So', 'elements': [{'type': 'rich_text_section', 'elements': [{'type': 'link', 'url': 'https://www.instagram.com/p/BVhpu1xFTY4/?igshid=1hd8rtq0tf54i'}, {'type': 'text', 'text': ' '}, {'type': 'emoji', 'name': 'grimacing'}]}]}]",,,1619116986.0057,,,,,,,,,U01RRV4JX6Z,,,,,,,music
message,,1619117434.0067,U01RRV4JX6Z,"Yeah, i really love folklore argentino :heart:",5fe8b7c7-f22f-40c6-95ab-6ad71f82d4cd,T01RBRV5F7H,T01RBRV5F7H,T01RBRV5F7H,"{'avatar_hash': '339c4d69b7d9', 'image_72': 'https://avatars.slack-edge.com/2021-04-14/1961122781618_339c4d69b7d9fe16343a_72.jpg', 'first_name': '', 'real_name': 'Francisco Ebeling', 'display_name': 'Francisco Ebeling', 'team': 'T01RBRV5F7H', 'name': 'ebelingbarros', 'is_restricted': False, 'is_ultra_restricted': False}",,"[{'type': 'rich_text', 'block_id': 'tfAob', 'elements': [{'type': 'rich_text_section', 'elements': [{'type': 'text', 'text': 'Yeah, i really love folklore argentino '}, {'type': 'emoji', 'name': 'heart'}]}]}]",,"[{'name': 'heart', 'users': ['U01S1CWGTU4'], 'count': 1}]",1619116986.0057,,,,,,,,,U01RRV4JX6Z,,,,,,,music
message,,1619118033.0069,U01S1CWGTU4,<https://www.youtube.com/watch?v=jgFciO8zl1g> I love Chico Cesar!,a04976cb-0a55-4451-8970-4ac898b5813d,T01RBRV5F7H,T01RBRV5F7H,T01RBRV5F7H,"{'avatar_hash': '09076999792d', 'image_72': 'https://avatars.slack-edge.com/2021-03-21/1868032103895_09076999792d539af81c_72.png', 'first_name': '', 'real_name': 'Antonio Saleme Sastre', 'display_name': 'Antonio Saleme Sastre', 'team': 'T01RBRV5F7H', 'name': 'salemesastre', 'is_restricted': False, 'is_ultra_restricted': False}","[{'service_name': 'YouTube', 'service_url': 'https://www.youtube.com/', 'title': 'Chico César - Deus Me Proteja (ao vivo no #Arte1)', 'title_link': 'https://www.youtube.com/watch?v=jgFciO8zl1g', 'author_name': 'Chico César', 'author_link': 'https://www.youtube.com/channel/UCRPU9wz_VKkHle0e-cduyDA', 'thumb_url': 'https://i.ytimg.com/vi/jgFciO8zl1g/hqdefault.jpg', 'thumb_width': 480, 'thumb_height': 360, 'fallback': 'YouTube Video: Chico César - Deus Me Proteja (ao vivo no #Arte1)', 'video_html': '<iframe width=""400"" height=""225"" src=""https://www.youtube.com/embed/jgFciO8zl1g?feature=oembed&autoplay=1&iv_load_policy=3"" frameborder=""0"" allow=""accelerometer; autoplay; clipboard-write; encrypted-media; gyroscope; picture-in-picture"" allowfullscreen></iframe>', 'video_html_width': 400, 'video_html_height': 225, 'from_url': 'https://www.youtube.com/watch?v=jgFciO8zl1g', 'service_icon': 'https://a.slack-edge.com/80588/img/unfurl_icons/youtube.png', 'id': 1, 'original_url': 'https://www.youtube.com/watch?v=jgFciO8zl1g'}]","[{'type': 'rich_text', 'block_id': 'uEjv6', 'elements': [{'type': 'rich_text_section', 'elements': [{'type': 'link', 'url': 'https://www.youtube.com/watch?v=jgFciO8zl1g'}, {'type': 'text', 'text': ' I love Chico Cesar!'}]}]}]",,"[{'name': 'raised_hands', 'users': ['U01RRV4JX6Z', 'U01RW2X7S9Z'], 'count': 2}, {'name': 'aaw_yeah', 'users': ['U01S7KCL3DF'], 'count': 1}]",1619116986.0057,,,,,,,,,U01RRV4JX6Z,,,,,,,music
message,,1619119535.0073,U01S1CWGTU4,<https://www.youtube.com/watch?v=kJpCyxxMRNg> <@U01RRV4JX6Z>,073b03fd-88fa-4955-999d-141393d2c352,T01RBRV5F7H,T01RBRV5F7H,T01RBRV5F7H,"{'avatar_hash': '09076999792d', 'image_72': 'https://avatars.slack-edge.com/2021-03-21/1868032103895_09076999792d539af81c_72.png', 'first_name': '', 'real_name': 'Antonio Saleme Sastre', 'display_name': 'Antonio Saleme Sastre', 'team': 'T01RBRV5F7H', 'name': 'salemesastre', 'is_restricted': False, 'is_ultra_restricted': False}","[{'service_name': 'YouTube', 'service_url': 'https://www.youtube.com/', 'title': 'TREMENDA GUITARREADA CON AMIGOS CANTORES SALTEÑOS !!! | Salta | Folclore | 2021✅', 'title_link': 'https://www.youtube.com/watch?v=kJpCyxxMRNg', 'author_name': 'Chino Yapura', 'author_link': 'https://www.youtube.com/user/chinoekos', 'thumb_url': 'https://i.ytimg.com/vi/kJpCyxxMRNg/hqdefault.jpg', 'thumb_width': 480, 'thumb_height': 360, 'fallback': 'YouTube Video: TREMENDA GUITARREADA CON AMIGOS CANTORES SALTEÑOS !!! | Salta | Folclore | 2021✅', 'video_html': '<iframe width=""400"" height=""225"" src=""https://www.youtube.com/embed/kJpCyxxMRNg?feature=oembed&autoplay=1&iv_load_policy=3"" frameborder=""0"" allow=""accelerometer; autoplay; clipboard-write; encrypted-media; gyroscope; picture-in-picture"" allowfullscreen></iframe>', 'video_html_width': 400, 'video_html_height': 225, 'from_url': 'https://www.youtube.com/watch?v=kJpCyxxMRNg', 'service_icon': 'https://a.slack-edge.com/80588/img/unfurl_icons/youtube.png', 'id': 1, 'original_url': 'https://www.youtube.com/watch?v=kJpCyxxMRNg'}]","[{'type': 'rich_text', 'block_id': 'NxPXz', 'elements': [{'type': 'rich_text_section', 'elements': [{'type': 'link', 'url': 'https://www.youtube.com/watch?v=kJpCyxxMRNg'}, {'type': 'text', 'text': ' '}, {'type': 'user', 'user_id': 'U01RRV4JX6Z'}]}]}]",,"[{'name': 'heart', 'users': ['U01RRV4JX6Z'], 'count': 1}]",1619116986.0057,,,,,,,,,U01RRV4JX6Z,,,,,,,music
message,,1619161039.0078,U01RW2X7S9Z,Temasoo!,ba8838e4-b18e-4a99-a31e-899fae864414,T01RBRV5F7H,T01RBRV5F7H,T01RBRV5F7H,"{'avatar_hash': '7e12d75d168a', 'image_72': 'https://avatars.slack-edge.com/2021-03-19/1880105796643_7e12d75d168ae25c167d_72.jpg', 'first_name': 'Alexandre', 'real_name': 'Alexandre Sommerkamp', 'display_name': 'Alexandre Sommerkamp', 'team': 'T01RBRV5F7H', 'name': 'alex.c.skp', 'is_restricted': False, 'is_ultra_restricted': False}",,"[{'type': 'rich_text', 'block_id': 'AHJ', 'elements': [{'type': 'rich_text_section', 'elements': [{'type': 'text', 'text': 'Temasoo!'}]}]}]",,"[{'name': 'monkeyman', 'users': ['U01RKN0EGDV'], 'count': 1}]",1619116184.0047,,,,,,,,,U01RKN0EGDV,,,,,,,music
message,,1619161071.0081,U01RSRE0N3D,Dubioza kolektiv :heart:,74001029-fac4-4789-b5c8-bca0a8e8f02b,T01RBRV5F7H,T01RBRV5F7H,T01RBRV5F7H,"{'avatar_hash': '5b0571ca5e6f', 'image_72': 'https://avatars.slack-edge.com/2021-03-18/1876877550179_5b0571ca5e6fe1f759fe_72.jpg', 'first_name': 'Kosta', 'real_name': 'Kosta', 'display_name': 'Kosta', 'team': 'T01RBRV5F7H', 'name': 'kostadin.mitkov', 'is_restricted': False, 'is_ultra_restricted': False}",,"[{'type': 'rich_text', 'block_id': 'yqhh', 'elements': [{'type': 'rich_text_section', 'elements': [{'type': 'text', 'text': 'Dubioza kolektiv '}, {'type': 'emoji', 'name': 'heart'}]}]}]",,"[{'name': 'monkeyman', 'users': ['U01RKN0EGDV'], 'count': 1}]",1619116751.0055,,,,,,,,,U01RKN0EGDV,,,,,,,music
message,,1618747623.0002,U01RXCQHMHT,<@U01S7KCL3DF> <https://www.youtube.com/watch?v=0qs2cPVZQ8w>,a97417bb-ad86-4102-88ce-968ee2b5606a,T01RBRV5F7H,T01RBRV5F7H,T01RBRV5F7H,"{'avatar_hash': '7290c61c38a0', 'image_72': 'https://avatars.slack-edge.com/2021-03-22/1898002028225_7290c61c38a01ad66680_72.jpg', 'first_name': 'Thanh', 'real_name': 'Thanh Tung Ha Thuc DAFT Berlin March 2021', 'display_name': 'Tony Ha', 'team': 'T01RBRV5F7H', 'name': 'tony.hathuc', 'is_restricted': False, 'is_ultra_restricted': False}","[{'service_name': 'YouTube', 'service_url': 'https://www.youtube.com/', 'title': 'TRAPPIN IN ＪＡＰＡＮ  10', 'title_link': 'https://www.youtube.com/watch?v=0qs2cPVZQ8w', 'author_name': 'R y a n C e l s i u s ° S o u n d s', 'author_link': 'https://www.youtube.com/user/ryancelsiuss', 'thumb_url': 'https://i.ytimg.com/vi/0qs2cPVZQ8w/hqdefault.jpg', 'thumb_width': 480, 'thumb_height': 360, 'fallback': 'YouTube Video: TRAPPIN IN ＪＡＰＡＮ  10', 'video_html': '<iframe width=""400"" height=""225"" src=""https://www.youtube.com/embed/0qs2cPVZQ8w?feature=oembed&autoplay=1&iv_load_policy=3"" frameborder=""0"" allow=""accelerometer; autoplay; clipboard-write; encrypted-media; gyroscope; picture-in-picture"" allowfullscreen></iframe>', 'video_html_width': 400, 'video_html_height': 225, 'from_url': 'https://www.youtube.com/watch?v=0qs2cPVZQ8w', 'service_icon': 'https://a.slack-edge.com/80588/img/unfurl_icons/youtube.png', 'id': 1, 'original_url': 'https://www.youtube.com/watch?v=0qs2cPVZQ8w'}]","[{'type': 'rich_text', 'block_id': 'ap5z', 'elements': [{'type': 'rich_text_section', 'elements': [{'type': 'user', 'user_id': 'U01S7KCL3DF'}, {'type': 'text', 'text': ' '}, {'type': 'link', 'url': 'https://www.youtube.com/watch?v=0qs2cPVZQ8w'}]}]}]",,"[{'name': 'v', 'users': ['U01RSRE0N3D'], 'count': 1}]",1618747623.0002,2.0,2.0,1618749358.0006,"['U01RXCQHMHT', 'U01S7KCL3DF']","[{'user': 'U01RXCQHMHT', 'ts': '1618747631.000400'}, {'user': 'U01S7KCL3DF', 'ts': '1618749358.000600'}]",0.0,1.0,1618749358.0006,,,,,,,,music
message,,1618747631.0004,U01RXCQHMHT,<@U01RSRE0N3D>,f7ef8603-7f10-4f53-ab29-9798561c8c69,T01RBRV5F7H,T01RBRV5F7H,T01RBRV5F7H,"{'avatar_hash': '7290c61c38a0', 'image_72': 'https://avatars.slack-edge.com/2021-03-22/1898002028225_7290c61c38a01ad66680_72.jpg', 'first_name': 'Thanh', 'real_name': 'Thanh Tung Ha Thuc DAFT Berlin March 2021', 'display_name': 'Tony Ha', 'team': 'T01RBRV5F7H', 'name': 'tony.hathuc', 'is_restricted': False, 'is_ultra_restricted': False}",,"[{'type': 'rich_text', 'block_id': 'OKr', 'elements': [{'type': 'rich_text_section', 'elements': [{'type': 'user', 'user_id': 'U01RSRE0N3D'}]}]}]",,,1618747623.0002,,,,,,,,,U01RXCQHMHT,,,,,,,music
message,,1618749358.0006,U01S7KCL3DF,JP Drill?,4ece9294-a4d2-43d1-bebb-6d860c2968ed,T01RBRV5F7H,T01RBRV5F7H,T01RBRV5F7H,"{'avatar_hash': '17b52091bb62', 'image_72': 'https://avatars.slack-edge.com/2021-03-19/1875964347925_17b52091bb62c2340b4c_72.png', 'first_name': 'Sam', 'real_name': 'Sam Katterfield', 'display_name': 'Sam', 'team': 'T01RBRV5F7H', 'name': 'samkatterfield', 'is_restricted': False, 'is_ultra_restricted': False}",,"[{'type': 'rich_text', 'block_id': 'FRGp', 'elements': [{'type': 'rich_text_section', 'elements': [{'type': 'text', 'text': 'JP Drill?'}]}]}]",,,1618747623.0002,,,,,,,,,U01RXCQHMHT,,,,,,,music
message,,1618814172.0006,U01S1CWGTU4,good morning! <https://youtu.be/tVvTDVswTxQ|https://youtu.be/tVvTDVswTxQ>,b21d923d-43a7-421d-a47a-64a6fac8a4d1,T01RBRV5F7H,T01RBRV5F7H,T01RBRV5F7H,"{'avatar_hash': '09076999792d', 'image_72': 'https://avatars.slack-edge.com/2021-03-21/1868032103895_09076999792d539af81c_72.png', 'first_name': '', 'real_name': 'Antonio Saleme Sastre', 'display_name': 'Antonio Saleme Sastre', 'team': 'T01RBRV5F7H', 'name': 'salemesastre', 'is_restricted': False, 'is_ultra_restricted': False}","[{'service_name': 'YouTube', 'service_url': 'https://www.youtube.com/', 'title': 'Ji Ji Ji - Estadio Único de La Plata - Indio en Concierto [2008] Full HD', 'title_link': 'https://youtu.be/tVvTDVswTxQ', 'author_name': 'Indio Solari Oficial', 'author_link': 'https://www.youtube.com/channel/UCzq3uuDGcV7U3l39tqRMwhA', 'thumb_url': 'https://i.ytimg.com/vi/tVvTDVswTxQ/hqdefault.jpg', 'thumb_width': 480, 'thumb_height': 360, 'fallback': 'YouTube Video: Ji Ji Ji - Estadio Único de La Plata - Indio en Concierto [2008] Full HD', 'video_html': '<iframe width=""400"" height=""225"" src=""https://www.youtube.com/embed/tVvTDVswTxQ?feature=oembed&autoplay=1&iv_load_policy=3"" frameborder=""0"" allow=""accelerometer; autoplay; clipboard-write; encrypted-media; gyroscope; picture-in-picture"" allowfullscreen></iframe>', 'video_html_width': 400, 'video_html_height': 225, 'from_url': 'https://youtu.be/tVvTDVswTxQ', 'service_icon': 'https://a.slack-edge.com/80588/img/unfurl_icons/youtube.png', 'id': 1, 'original_url': 'https://youtu.be/tVvTDVswTxQ'}]","[{'type': 'rich_text', 'block_id': 'GLx=', 'elements': [{'type': 'rich_text_section', 'elements': [{'type': 'text', 'text': 'good morning! '}, {'type': 'link', 'url': 'https://youtu.be/tVvTDVswTxQ', 'text': 'https://youtu.be/tVvTDVswTxQ'}]}]}]",,"[{'name': 'raised_hands', 'users': ['U01RW140HBP', 'U01S081EULS'], 'count': 2}, {'name': 'giphy', 'users': ['U01RW2X7S9Z'], 'count': 1}, {'name': 'dancing_dog', 'users': ['U01RKN0EGDV'], 'count': 1}]",,,,,,,,,,,,,,,,,music
message,,1618823509.0011,U01RW2X7S9Z,<https://open.spotify.com/playlist/37i9dQZF1E4kG3LyWyBwEp?si=e2ff5265070a4b91>,a47c33bf-92e4-4107-9ef5-c136fc17e277,T01RBRV5F7H,T01RBRV5F7H,T01RBRV5F7H,"{'avatar_hash': '7e12d75d168a', 'image_72': 'https://avatars.slack-edge.com/2021-03-19/1880105796643_7e12d75d168ae25c167d_72.jpg', 'first_name': 'Alexandre', 'real_name': 'Alexandre Sommerkamp', 'display_name': 'Alexandre Sommerkamp', 'team': 'T01RBRV5F7H', 'name': 'alex.c.skp', 'is_restricted': False, 'is_ultra_restricted': False}","[{'service_name': 'Spotify', 'service_url': 'https://spotify.com', 'title': 'Los Mirlos Radio', 'title_link': 'https://open.spotify.com/playlist/37i9dQZF1E4kG3LyWyBwEp?si=e2ff5265070a4b91', 'thumb_url': 'https://seeded-session-images.scdn.co/v1/img/artist/1ga48mxYYI9RuUrWLa3voh/en', 'thumb_width': 640, 'thumb_height': 640, 'fallback': 'Spotify Audio: Los Mirlos Radio', 'audio_html': '<iframe width=""300"" height=""380"" allowtransparency=""true"" frameborder=""0"" allow=""encrypted-media"" title=""Spotify Embed: Los Mirlos Radio"" src=""https://open.spotify.com/embed/playlist/37i9dQZF1E4kG3LyWyBwEp?si=e2ff5265070a4b91""></iframe>', 'audio_html_width': 300, 'audio_html_height': 380, 'from_url': 'https://open.spotify.com/playlist/37i9dQZF1E4kG3LyWyBwEp?si=e2ff5265070a4b91', 'service_icon': 'https://a.slack-edge.com/80588/img/unfurl_icons/spotify.png', 'id': 1, 'original_url': 'https://open.spotify.com/playlist/37i9dQZF1E4kG3LyWyBwEp?si=e2ff5265070a4b91'}]","[{'type': 'rich_text', 'block_id': 'LHnR', 'elements': [{'type': 'rich_text_section', 'elements': [{'type': 'link', 'url': 'https://open.spotify.com/playlist/37i9dQZF1E4kG3LyWyBwEp?si=e2ff5265070a4b91'}]}]}]",,"[{'name': 'heart', 'users': ['U01S1CWGTU4'], 'count': 1}, {'name': 'dancer', 'users': ['U01SK96QF5E'], 'count': 1}]",1618823509.0011,1.0,1.0,1619084169.0005,['U01RW140HBP'],"[{'user': 'U01RW140HBP', 'ts': '1619084169.000500'}]",False,False,,,,,,,,,music
message,,1619161342.0084,U01RW2X7S9Z,the crochet blanket on top of the drum xD,59ffc3ba-be7a-4586-9c5c-10ccd722cd83,T01RBRV5F7H,T01RBRV5F7H,T01RBRV5F7H,"{'avatar_hash': '7e12d75d168a', 'image_72': 'https://avatars.slack-edge.com/2021-03-19/1880105796643_7e12d75d168ae25c167d_72.jpg', 'first_name': 'Alexandre', 'real_name': 'Alexandre Sommerkamp', 'display_name': 'Alexandre Sommerkamp', 'team': 'T01RBRV5F7H', 'name': 'alex.c.skp', 'is_restricted': False, 'is_ultra_restricted': False}",,"[{'type': 'rich_text', 'block_id': 'a=tNs', 'elements': [{'type': 'rich_text_section', 'elements': [{'type': 'text', 'text': 'the crochet blanket on top of the drum xD'}]}]}]",,,1619116751.0055,,,,,,,,,U01RKN0EGDV,,,,,,,music
message,,1619162825.009,U01RKN0EGDV,<https://youtu.be/NP1aNsAA3pU?list=PL9kSWsGOGCpDqQ1Hlqvvwn_oj5XwBVR7E>,b21d403a-b27b-4c59-b66c-a14978c71e96,T01RBRV5F7H,T01RBRV5F7H,T01RBRV5F7H,"{'avatar_hash': 'abe46e9352ee', 'image_72': 'https://avatars.slack-edge.com/2021-03-24/1878427345639_abe46e9352ee26531094_72.jpg', 'first_name': 'Marian', 'real_name': 'Marian Moreno', 'display_name': 'Marian (she/her)', 'team': 'T01RBRV5F7H', 'name': 'marimor62', 'is_restricted': False, 'is_ultra_restricted': False}","[{'service_name': 'YouTube', 'service_url': 'https://www.youtube.com/', 'title': 'Bohemian Betyars - Megjöttek a fiúk (videoklipp)', 'title_link': 'https://youtu.be/NP1aNsAA3pU?', 'author_name': 'Bohemian Betyars // Official Channel', 'author_link': 'https://www.youtube.com/user/BohemianBetyars', 'thumb_url': 'https://i.ytimg.com/vi/NP1aNsAA3pU/hqdefault.jpg', 'thumb_width': 480, 'thumb_height': 360, 'fallback': 'YouTube Video: Bohemian Betyars - Megjöttek a fiúk (videoklipp)', 'video_html': '<iframe width=""400"" height=""300"" src=""https://www.youtube.com/embed/NP1aNsAA3pU?feature=oembed&autoplay=1&iv_load_policy=3"" frameborder=""0"" allow=""accelerometer; autoplay; clipboard-write; encrypted-media; gyroscope; picture-in-picture"" allowfullscreen></iframe>', 'video_html_width': 400, 'video_html_height': 300, 'from_url': 'https://youtu.be/NP1aNsAA3pU?', 'service_icon': 'https://a.slack-edge.com/80588/img/unfurl_icons/youtube.png', 'id': 1, 'original_url': 'https://youtu.be/NP1aNsAA3pU?list=PL9kSWsGOGCpDqQ1Hlqvvwn_oj5XwBVR7E'}]","[{'type': 'rich_text', 'block_id': 'HbE0', 'elements': [{'type': 'rich_text_section', 'elements': [{'type': 'link', 'url': 'https://youtu.be/NP1aNsAA3pU?list=PL9kSWsGOGCpDqQ1Hlqvvwn_oj5XwBVR7E'}]}]}]",,,1619116751.0055,,,,,,,,,U01RKN0EGDV,,,,,,,music
message,,1619168188.0095,U01S7KCL3DF,whoa I saw Calle 13 in BsAs in 2008…. wonder when this was filmed :thinking_face:,43741d5d-f15e-49ae-85ad-47aacbd0c4d6,T01RBRV5F7H,T01RBRV5F7H,T01RBRV5F7H,"{'avatar_hash': '17b52091bb62', 'image_72': 'https://avatars.slack-edge.com/2021-03-19/1875964347925_17b52091bb62c2340b4c_72.png', 'first_name': 'Sam', 'real_name': 'Sam Katterfield', 'display_name': 'Sam', 'team': 'T01RBRV5F7H', 'name': 'samkatterfield', 'is_restricted': False, 'is_ultra_restricted': False}",,"[{'type': 'rich_text', 'block_id': 'nQy', 'elements': [{'type': 'rich_text_section', 'elements': [{'type': 'text', 'text': 'whoa I saw Calle 13 in BsAs in 2008…. wonder when this was filmed '}, {'type': 'emoji', 'name': 'thinking_face'}]}]}]",,,1619115027.001,,,,,,,,,U01S1CWGTU4,,,,,,,music
message,,1619169391.0097,U01S7KCL3DF,"Chico César é Paraibano…. meu povo :muscle:

<https://www.youtube.com/watch?v=8PKs5Z1Cw_s&amp;ab_channel=BiscoitoFino>
:love_letter:",3fe2b5d5-7e1d-48d2-baf3-eb0b098a0438,T01RBRV5F7H,T01RBRV5F7H,T01RBRV5F7H,"{'avatar_hash': '17b52091bb62', 'image_72': 'https://avatars.slack-edge.com/2021-03-19/1875964347925_17b52091bb62c2340b4c_72.png', 'first_name': 'Sam', 'real_name': 'Sam Katterfield', 'display_name': 'Sam', 'team': 'T01RBRV5F7H', 'name': 'samkatterfield', 'is_restricted': False, 'is_ultra_restricted': False}","[{'service_name': 'YouTube', 'service_url': 'https://www.youtube.com/', 'title': 'Chico César - À Primeira Vista', 'title_link': 'https://www.youtube.com/watch?v=8PKs5Z1Cw_s&amp;ab_channel=BiscoitoFino', 'author_name': 'Biscoito Fino', 'author_link': 'https://www.youtube.com/user/biscoitofino', 'thumb_url': 'https://i.ytimg.com/vi/8PKs5Z1Cw_s/hqdefault.jpg', 'thumb_width': 480, 'thumb_height': 360, 'fallback': 'YouTube Video: Chico César - À Primeira Vista', 'video_html': '<iframe width=""400"" height=""225"" src=""https://www.youtube.com/embed/8PKs5Z1Cw_s?feature=oembed&autoplay=1&iv_load_policy=3"" frameborder=""0"" allow=""accelerometer; autoplay; clipboard-write; encrypted-media; gyroscope; picture-in-picture"" allowfullscreen></iframe>', 'video_html_width': 400, 'video_html_height': 225, 'from_url': 'https://www.youtube.com/watch?v=8PKs5Z1Cw_s&amp;ab_channel=BiscoitoFino', 'service_icon': 'https://a.slack-edge.com/80588/img/unfurl_icons/youtube.png', 'id': 1, 'original_url': 'https://www.youtube.com/watch?v=8PKs5Z1Cw_s&amp;ab_channel=BiscoitoFino'}]","[{'type': 'rich_text', 'block_id': '4Bi', 'elements': [{'type': 'rich_text_section', 'elements': [{'type': 'text', 'text': 'Chico César é Paraibano…. meu povo '}, {'type': 'emoji', 'name': 'muscle'}, {'type': 'text', 'text': '\n\n'}, {'type': 'link', 'url': 'https://www.youtube.com/watch?v=8PKs5Z1Cw_s&ab_channel=BiscoitoFino'}, {'type': 'text', 'text': '\n'}, {'type': 'emoji', 'name': 'love_letter'}]}]}]","{'user': 'U01S7KCL3DF', 'ts': '1619169455.000000'}","[{'name': 'heart', 'users': ['U01RRV4JX6Z', 'U01S1CWGTU4'], 'count': 2}]",1619116986.0057,,,,,,,,,U01RRV4JX6Z,,,,,,,music
message,,1619170340.0105,U01S7KCL3DF,"Fleur

<https://www.youtube.com/watch?v=i4sW3jJuVDg&amp;ab_channel=jonasHM>",cf4c4b78-78c8-40cd-838c-526a02ee699b,T01RBRV5F7H,T01RBRV5F7H,T01RBRV5F7H,"{'avatar_hash': '17b52091bb62', 'image_72': 'https://avatars.slack-edge.com/2021-03-19/1875964347925_17b52091bb62c2340b4c_72.png', 'first_name': 'Sam', 'real_name': 'Sam Katterfield', 'display_name': 'Sam', 'team': 'T01RBRV5F7H', 'name': 'samkatterfield', 'is_restricted': False, 'is_ultra_restricted': False}","[{'service_name': 'YouTube', 'service_url': 'https://www.youtube.com/', 'title': 'Heltah Skeltah &amp; OGC - Leflaur Leflah Eshkoshka', 'title_link': 'https://www.youtube.com/watch?v=i4sW3jJuVDg&amp;ab_channel=jonasHM', 'author_name': 'jonasHM', 'author_link': 'https://www.youtube.com/user/jonasHM', 'thumb_url': 'https://i.ytimg.com/vi/i4sW3jJuVDg/hqdefault.jpg', 'thumb_width': 130, 'thumb_height': 97, 'fallback': 'YouTube Video: Heltah Skeltah & OGC - Leflaur Leflah Eshkoshka', 'video_html': '<iframe width=""400"" height=""300"" src=""https://www.youtube.com/embed/i4sW3jJuVDg?feature=oembed&autoplay=1&iv_load_policy=3"" frameborder=""0"" allow=""accelerometer; autoplay; clipboard-write; encrypted-media; gyroscope; picture-in-picture"" allowfullscreen></iframe>', 'video_html_width': 400, 'video_html_height': 300, 'from_url': 'https://www.youtube.com/watch?v=i4sW3jJuVDg&amp;ab_channel=jonasHM', 'service_icon': 'https://a.slack-edge.com/80588/img/unfurl_icons/youtube.png', 'id': 1, 'original_url': 'https://www.youtube.com/watch?v=i4sW3jJuVDg&amp;ab_channel=jonasHM'}]","[{'type': 'rich_text', 'block_id': 'pDQ', 'elements': [{'type': 'rich_text_section', 'elements': [{'type': 'text', 'text': 'Fleur\n\n'}, {'type': 'link', 'url': 'https://www.youtube.com/watch?v=i4sW3jJuVDg&ab_channel=jonasHM'}]}]}]",,"[{'name': 'coool', 'users': ['U01RW2X7S9Z'], 'count': 1}]",,,,,,,,,,,,,,,,,music
message,,1619170866.0107,U01S7KCL3DF,"<https://bossafm.seetickets.com/event/alceu-valen-a-berlin/yaam-berlin/1505098>

wonder if this will happen this year :pray:",a90a5469-c27a-4864-be77-960e25cf606c,T01RBRV5F7H,T01RBRV5F7H,T01RBRV5F7H,"{'avatar_hash': '17b52091bb62', 'image_72': 'https://avatars.slack-edge.com/2021-03-19/1875964347925_17b52091bb62c2340b4c_72.png', 'first_name': 'Sam', 'real_name': 'Sam Katterfield', 'display_name': 'Sam', 'team': 'T01RBRV5F7H', 'name': 'samkatterfield', 'is_restricted': False, 'is_ultra_restricted': False}","[{'service_name': 'BossaFM', 'title': 'Alceu Valença Berlin de See Tickets', 'title_link': 'https://bossafm.seetickets.com/event/alceu-valen-a-berlin/yaam-berlin/1505098', 'text': 'Comprar bilhetes para Alceu Valença Berlin em YAAM Berlin do distribuidor oficial, BossaFM.""', 'fallback': 'BossaFM: Alceu Valença Berlin de See Tickets', 'thumb_url': 'https://c.ststat.net/content/entimg/tour/alceu-valen-a-berlin--543554601-300x300.png', 'from_url': 'https://bossafm.seetickets.com/event/alceu-valen-a-berlin/yaam-berlin/1505098', 'thumb_width': 300, 'thumb_height': 300, 'service_icon': 'http://c.ststat.net/content/sites/seetickets/icons/apple-touch-icon-152x152.png', 'id': 1, 'original_url': 'https://bossafm.seetickets.com/event/alceu-valen-a-berlin/yaam-berlin/1505098'}]","[{'type': 'rich_text', 'block_id': 'o9xW4', 'elements': [{'type': 'rich_text_section', 'elements': [{'type': 'link', 'url': 'https://bossafm.seetickets.com/event/alceu-valen-a-berlin/yaam-berlin/1505098'}, {'type': 'text', 'text': '\n\nwonder if this will happen this year '}, {'type': 'emoji', 'name': 'pray'}]}]}]",,,1619116986.0057,,,,,,,,,U01RRV4JX6Z,,,,,,,music
message,,1619173267.0112,U01S7KCL3DF,bosnian music makes me want ćevapi :sam:,6f50afe0-5b3a-415f-90b6-b68f66bc2a95,T01RBRV5F7H,T01RBRV5F7H,T01RBRV5F7H,"{'avatar_hash': '17b52091bb62', 'image_72': 'https://avatars.slack-edge.com/2021-03-19/1875964347925_17b52091bb62c2340b4c_72.png', 'first_name': 'Sam', 'real_name': 'Sam Katterfield', 'display_name': 'Sam', 'team': 'T01RBRV5F7H', 'name': 'samkatterfield', 'is_restricted': False, 'is_ultra_restricted': False}",,"[{'type': 'rich_text', 'block_id': '8lEMI', 'elements': [{'type': 'rich_text_section', 'elements': [{'type': 'text', 'text': 'bosnian music makes me want ćevapi '}, {'type': 'emoji', 'name': 'sam'}]}]}]",,,1619116751.0055,,,,,,,,,U01RKN0EGDV,,,,,,,music
message,,1619174673.0115,U01RW2X7S9Z,<https://www.youtube.com/watch?v=ZC_XdNcNHkk>,c10acdf7-46ea-4d05-ae86-de5f651d81ea,T01RBRV5F7H,T01RBRV5F7H,T01RBRV5F7H,"{'avatar_hash': '7e12d75d168a', 'image_72': 'https://avatars.slack-edge.com/2021-03-19/1880105796643_7e12d75d168ae25c167d_72.jpg', 'first_name': 'Alexandre', 'real_name': 'Alexandre Sommerkamp', 'display_name': 'Alexandre Sommerkamp', 'team': 'T01RBRV5F7H', 'name': 'alex.c.skp', 'is_restricted': False, 'is_ultra_restricted': False}","[{'service_name': 'YouTube', 'service_url': 'https://www.youtube.com/', 'title': 'Cumbia Levantamuertos', 'title_link': 'https://www.youtube.com/watch?v=ZC_XdNcNHkk', 'author_name': 'Armani la Gucci - Topic', 'author_link': 'https://www.youtube.com/channel/UCGM9Xdnpqje1Kx5VIIea1Tg', 'thumb_url': 'https://i.ytimg.com/vi/ZC_XdNcNHkk/hqdefault.jpg', 'thumb_width': 480, 'thumb_height': 360, 'fallback': 'YouTube Video: Cumbia Levantamuertos', 'video_html': '<iframe width=""400"" height=""300"" src=""https://www.youtube.com/embed/ZC_XdNcNHkk?feature=oembed&autoplay=1&iv_load_policy=3"" frameborder=""0"" allow=""accelerometer; autoplay; clipboard-write; encrypted-media; gyroscope; picture-in-picture"" allowfullscreen></iframe>', 'video_html_width': 400, 'video_html_height': 300, 'from_url': 'https://www.youtube.com/watch?v=ZC_XdNcNHkk', 'service_icon': 'https://a.slack-edge.com/80588/img/unfurl_icons/youtube.png', 'id': 1, 'original_url': 'https://www.youtube.com/watch?v=ZC_XdNcNHkk'}]","[{'type': 'rich_text', 'block_id': 'OFuk', 'elements': [{'type': 'rich_text_section', 'elements': [{'type': 'link', 'url': 'https://www.youtube.com/watch?v=ZC_XdNcNHkk'}]}]}]",,"[{'name': 'boludo', 'users': ['U01S1CWGTU4'], 'count': 1}]",1619174673.0115,2.0,2.0,1619176636.012,"['U01RW2X7S9Z', 'U01S1CWGTU4']","[{'user': 'U01RW2X7S9Z', 'ts': '1619174689.011800'}, {'user': 'U01S1CWGTU4', 'ts': '1619176636.012000'}]",0.0,0.0,,,,,,,,,music
message,,1619174689.0118,U01RW2X7S9Z,<@U01S1CWGTU4>,9c67faac-06f6-492f-be5d-c9c657825f9e,T01RBRV5F7H,T01RBRV5F7H,T01RBRV5F7H,"{'avatar_hash': '7e12d75d168a', 'image_72': 'https://avatars.slack-edge.com/2021-03-19/1880105796643_7e12d75d168ae25c167d_72.jpg', 'first_name': 'Alexandre', 'real_name': 'Alexandre Sommerkamp', 'display_name': 'Alexandre Sommerkamp', 'team': 'T01RBRV5F7H', 'name': 'alex.c.skp', 'is_restricted': False, 'is_ultra_restricted': False}",,"[{'type': 'rich_text', 'block_id': 'U196', 'elements': [{'type': 'rich_text_section', 'elements': [{'type': 'user', 'user_id': 'U01S1CWGTU4'}]}]}]",,,1619174673.0115,,,,,,,,,U01RW2X7S9Z,,,,,,,music
message,,1619176636.012,U01S1CWGTU4,hehe sehr gut!!!,db28fdc3-13e5-4629-a1d9-e0906087fb37,T01RBRV5F7H,T01RBRV5F7H,T01RBRV5F7H,"{'avatar_hash': '09076999792d', 'image_72': 'https://avatars.slack-edge.com/2021-03-21/1868032103895_09076999792d539af81c_72.png', 'first_name': '', 'real_name': 'Antonio Saleme Sastre', 'display_name': 'Antonio Saleme Sastre', 'team': 'T01RBRV5F7H', 'name': 'salemesastre', 'is_restricted': False, 'is_ultra_restricted': False}",,"[{'type': 'rich_text', 'block_id': '6m5Ac', 'elements': [{'type': 'rich_text_section', 'elements': [{'type': 'text', 'text': 'hehe sehr gut!!!'}]}]}]",,,1619174673.0115,,,,,,,,,U01RW2X7S9Z,,,,,,,music
message,,1619176901.0124,U01S1CWGTU4,<https://www.youtube.com/watch?v=LbTqvLzz3Qs>,b91fd4eb-ac99-4810-96bb-a17afec4b516,T01RBRV5F7H,T01RBRV5F7H,T01RBRV5F7H,"{'avatar_hash': '09076999792d', 'image_72': 'https://avatars.slack-edge.com/2021-03-21/1868032103895_09076999792d539af81c_72.png', 'first_name': '', 'real_name': 'Antonio Saleme Sastre', 'display_name': 'Antonio Saleme Sastre', 'team': 'T01RBRV5F7H', 'name': 'salemesastre', 'is_restricted': False, 'is_ultra_restricted': False}","[{'service_name': 'YouTube', 'service_url': 'https://www.youtube.com/', 'title': 'Lirico En La Casa x Atomic Otro Way - Muevelo', 'title_link': 'https://www.youtube.com/watch?v=LbTqvLzz3Qs', 'author_name': 'Lirico En La Casa', 'author_link': 'https://www.youtube.com/channel/UCx7Is9EgbMl7LwdJL4HNAUw', 'thumb_url': 'https://i.ytimg.com/vi/LbTqvLzz3Qs/hqdefault.jpg', 'thumb_width': 480, 'thumb_height': 360, 'fallback': 'YouTube Video: Lirico En La Casa x Atomic Otro Way - Muevelo', 'video_html': '<iframe width=""400"" height=""225"" src=""https://www.youtube.com/embed/LbTqvLzz3Qs?feature=oembed&autoplay=1&iv_load_policy=3"" frameborder=""0"" allow=""accelerometer; autoplay; clipboard-write; encrypted-media; gyroscope; picture-in-picture"" allowfullscreen></iframe>', 'video_html_width': 400, 'video_html_height': 225, 'from_url': 'https://www.youtube.com/watch?v=LbTqvLzz3Qs', 'service_icon': 'https://a.slack-edge.com/80588/img/unfurl_icons/youtube.png', 'id': 1, 'original_url': 'https://www.youtube.com/watch?v=LbTqvLzz3Qs'}]","[{'type': 'rich_text', 'block_id': 'OZxJx', 'elements': [{'type': 'rich_text_section', 'elements': [{'type': 'link', 'url': 'https://www.youtube.com/watch?v=LbTqvLzz3Qs'}]}]}]",,,,,,,,,,,,,,,,,,,music
message,,1617185103.0002,U01S7KCL3DF,"an ode to maps

<https://open.spotify.com/track/0hDQV9X1Da5JrwhK8gu86p?si=SOcQ0BlEREuwSXSBXDDUfA>",07ad2d59-aac5-48a8-b32a-dfaa4964491e,T01RBRV5F7H,T01RBRV5F7H,T01RBRV5F7H,"{'avatar_hash': '17b52091bb62', 'image_72': 'https://avatars.slack-edge.com/2021-03-19/1875964347925_17b52091bb62c2340b4c_72.png', 'first_name': 'Sam', 'real_name': 'Sam Katterfield', 'display_name': 'Sam', 'team': 'T01RBRV5F7H', 'name': 'samkatterfield', 'is_restricted': False, 'is_ultra_restricted': False}","[{'service_name': 'Spotify', 'service_url': 'https://spotify.com', 'title': 'Maps', 'title_link': 'https://open.spotify.com/track/0hDQV9X1Da5JrwhK8gu86p?si=SOcQ0BlEREuwSXSBXDDUfA', 'thumb_url': 'https://i.scdn.co/image/ab67616d00001e021b1cb4ef0f096f9d66fc3dc6', 'thumb_width': 300, 'thumb_height': 300, 'fallback': 'Spotify Audio: Maps', 'audio_html': '<iframe width=""300"" height=""380"" allowtransparency=""true"" frameborder=""0"" allow=""encrypted-media"" title=""Spotify Embed: Maps"" src=""https://open.spotify.com/embed/track/0hDQV9X1Da5JrwhK8gu86p?si=SOcQ0BlEREuwSXSBXDDUfA""></iframe>', 'audio_html_width': 300, 'audio_html_height': 380, 'from_url': 'https://open.spotify.com/track/0hDQV9X1Da5JrwhK8gu86p?si=SOcQ0BlEREuwSXSBXDDUfA', 'service_icon': 'https://a.slack-edge.com/80588/img/unfurl_icons/spotify.png', 'id': 1, 'original_url': 'https://open.spotify.com/track/0hDQV9X1Da5JrwhK8gu86p?si=SOcQ0BlEREuwSXSBXDDUfA'}]","[{'type': 'rich_text', 'block_id': 'Bos', 'elements': [{'type': 'rich_text_section', 'elements': [{'type': 'text', 'text': 'an ode to maps\n\n'}, {'type': 'link', 'url': 'https://open.spotify.com/track/0hDQV9X1Da5JrwhK8gu86p?si=SOcQ0BlEREuwSXSBXDDUfA'}]}]}]",,,1617185103.0002,1.0,1.0,1617185753.0004,['U01RXCQHMHT'],"[{'user': 'U01RXCQHMHT', 'ts': '1617185753.000400'}]",0.0,0.0,,,,,,,,,music
message,,1617185753.0004,U01RXCQHMHT,this is so oldschool hahah,b9f31962-c94d-42a6-8af6-8eb2d2cc8a6c,T01RBRV5F7H,T01RBRV5F7H,T01RBRV5F7H,"{'avatar_hash': '7290c61c38a0', 'image_72': 'https://avatars.slack-edge.com/2021-03-22/1898002028225_7290c61c38a01ad66680_72.jpg', 'first_name': 'Thanh', 'real_name': 'Thanh Tung Ha Thuc DAFT Berlin March 2021', 'display_name': 'Tony Ha', 'team': 'T01RBRV5F7H', 'name': 'tony.hathuc', 'is_restricted': False, 'is_ultra_restricted': False}",,"[{'type': 'rich_text', 'block_id': 'G8P', 'elements': [{'type': 'rich_text_section', 'elements': [{'type': 'text', 'text': 'this is so oldschool hahah'}]}]}]",,"[{'name': 'older_man', 'users': ['U01S7KCL3DF', 'U01RXCQHMHT'], 'count': 2}]",1617185103.0002,,,,,,,,,U01S7KCL3DF,,,,,,,music
message,,1618492671.0002,U01RW2X7S9Z,<https://open.spotify.com/album/6aGfK3YpRxZ1rJfaNRckLH?si=6bj-OQbiROSHoXALTa1jvg>,b7b4448d-baa9-4000-8002-8162d829c4a9,T01RBRV5F7H,T01RBRV5F7H,T01RBRV5F7H,"{'avatar_hash': '7e12d75d168a', 'image_72': 'https://avatars.slack-edge.com/2021-03-19/1880105796643_7e12d75d168ae25c167d_72.jpg', 'first_name': 'Alexandre', 'real_name': 'Alexandre Sommerkamp', 'display_name': 'Alexandre Sommerkamp', 'team': 'T01RBRV5F7H', 'name': 'alex.c.skp', 'is_restricted': False, 'is_ultra_restricted': False}","[{'service_name': 'Spotify', 'service_url': 'https://spotify.com', 'title': 'Blizzard of Ozz (Expanded Edition)', 'title_link': 'https://open.spotify.com/album/6aGfK3YpRxZ1rJfaNRckLH?si=6bj-OQbiROSHoXALTa1jvg', 'thumb_url': 'https://i.scdn.co/image/ab67616d00001e025776e18c520194c48d92815b', 'thumb_width': 300, 'thumb_height': 300, 'fallback': 'Spotify Audio: Blizzard of Ozz (Expanded Edition)', 'audio_html': '<iframe width=""300"" height=""380"" allowtransparency=""true"" frameborder=""0"" allow=""encrypted-media"" title=""Spotify Embed: Blizzard of Ozz (Expanded Edition)"" src=""https://open.spotify.com/embed/album/6aGfK3YpRxZ1rJfaNRckLH?si=6bj-OQbiROSHoXALTa1jvg""></iframe>', 'audio_html_width': 300, 'audio_html_height': 380, 'from_url': 'https://open.spotify.com/album/6aGfK3YpRxZ1rJfaNRckLH?si=6bj-OQbiROSHoXALTa1jvg', 'service_icon': 'https://a.slack-edge.com/80588/img/unfurl_icons/spotify.png', 'id': 1, 'original_url': 'https://open.spotify.com/album/6aGfK3YpRxZ1rJfaNRckLH?si=6bj-OQbiROSHoXALTa1jvg'}]","[{'type': 'rich_text', 'block_id': 'qU6vf', 'elements': [{'type': 'rich_text_section', 'elements': [{'type': 'link', 'url': 'https://open.spotify.com/album/6aGfK3YpRxZ1rJfaNRckLH?si=6bj-OQbiROSHoXALTa1jvg'}]}]}]",,,1618492671.0002,3.0,2.0,1618563930.0008,"['U01S7KCL3DF', 'U01RW2X7S9Z']","[{'user': 'U01S7KCL3DF', 'ts': '1618559742.000100'}, {'user': 'U01RW2X7S9Z', 'ts': '1618563904.000600'}, {'user': 'U01RW2X7S9Z', 'ts': '1618563930.000800'}]",0.0,0.0,,,,,,,,,music
message,,1618492852.0005,U01RW140HBP,<https://open.spotify.com/album/7qfE4LkRtnmWn5Vg7GFex0?si=63BxEpiYRkqnzivqNQvO5A>,0b90e1e8-bc51-4ff8-a626-ccd7933059cd,T01RBRV5F7H,T01RBRV5F7H,T01RBRV5F7H,"{'avatar_hash': '4c43a3a8d10b', 'image_72': 'https://avatars.slack-edge.com/2021-03-21/1895736308209_4c43a3a8d10bc2fe5e13_72.png', 'first_name': 'siand', 'real_name': 'siand the LT (she/her)', 'display_name': 'siand the LT (she/her)', 'team': 'T01RBRV5F7H', 'name': 'sian.davies', 'is_restricted': False, 'is_ultra_restricted': False}","[{'service_name': 'Spotify', 'service_url': 'https://spotify.com', 'title': 'We Come From The Sun', 'title_link': 'https://open.spotify.com/album/7qfE4LkRtnmWn5Vg7GFex0?si=63BxEpiYRkqnzivqNQvO5A', 'thumb_url': 'https://i.scdn.co/image/ab67616d00001e02e72a76fcfaea1ac204cc7561', 'thumb_width': 300, 'thumb_height': 300, 'fallback': 'Spotify Audio: We Come From The Sun', 'audio_html': '<iframe width=""300"" height=""380"" allowtransparency=""true"" frameborder=""0"" allow=""encrypted-media"" title=""Spotify Embed: We Come From The Sun"" src=""https://open.spotify.com/embed/album/7qfE4LkRtnmWn5Vg7GFex0?si=63BxEpiYRkqnzivqNQvO5A""></iframe>', 'audio_html_width': 300, 'audio_html_height': 380, 'from_url': 'https://open.spotify.com/album/7qfE4LkRtnmWn5Vg7GFex0?si=63BxEpiYRkqnzivqNQvO5A', 'service_icon': 'https://a.slack-edge.com/80588/img/unfurl_icons/spotify.png', 'id': 1, 'original_url': 'https://open.spotify.com/album/7qfE4LkRtnmWn5Vg7GFex0?si=63BxEpiYRkqnzivqNQvO5A'}]","[{'type': 'rich_text', 'block_id': 'sm7Fe', 'elements': [{'type': 'rich_text_section', 'elements': [{'type': 'link', 'url': 'https://open.spotify.com/album/7qfE4LkRtnmWn5Vg7GFex0?si=63BxEpiYRkqnzivqNQvO5A'}]}]}]",,"[{'name': '+1', 'users': ['U01S081EULS'], 'count': 1}]",1618492852.0005,1.0,1.0,1618493160.0007,['U01RW140HBP'],"[{'user': 'U01RW140HBP', 'ts': '1618493160.000700'}]",0.0,0.0,,,,,,,,,music
message,,1618493160.0007,U01RW140HBP,a little spoken word with music for a change,61b45fdb-db54-49c3-8a55-49e1adc8ef73,T01RBRV5F7H,T01RBRV5F7H,T01RBRV5F7H,"{'avatar_hash': '4c43a3a8d10b', 'image_72': 'https://avatars.slack-edge.com/2021-03-21/1895736308209_4c43a3a8d10bc2fe5e13_72.png', 'first_name': 'siand', 'real_name': 'siand the LT (she/her)', 'display_name': 'siand the LT (she/her)', 'team': 'T01RBRV5F7H', 'name': 'sian.davies', 'is_restricted': False, 'is_ultra_restricted': False}",,"[{'type': 'rich_text', 'block_id': 'ET0s', 'elements': [{'type': 'rich_text_section', 'elements': [{'type': 'text', 'text': 'a little spoken word with music for a change'}]}]}]",,,1618492852.0005,,,,,,,,,U01RW140HBP,,,,,,,music
message,,1618502712.0012,U01S1CWGTU4,<https://open.spotify.com/album/6ScNKLKYY6rpgCIJThLnMH|https://open.spotify.com/artist/4YYxffPVDFe9XoqqbRW6Bq >,6630246f-52b0-41f6-b96d-cfdaad1e60c0,T01RBRV5F7H,T01RBRV5F7H,T01RBRV5F7H,"{'avatar_hash': '09076999792d', 'image_72': 'https://avatars.slack-edge.com/2021-03-21/1868032103895_09076999792d539af81c_72.png', 'first_name': '', 'real_name': 'Antonio Saleme Sastre', 'display_name': 'Antonio Saleme Sastre', 'team': 'T01RBRV5F7H', 'name': 'salemesastre', 'is_restricted': False, 'is_ultra_restricted': False}","[{'service_name': 'Spotify', 'service_url': 'https://spotify.com', 'title': 'L-Gante: Bzrp Music Sessions, Vol. 38', 'title_link': 'https://open.spotify.com/album/6ScNKLKYY6rpgCIJThLnMH', 'thumb_url': 'https://i.scdn.co/image/ab67616d00001e02dada4e65cefce3bdc16a8dae', 'thumb_width': 300, 'thumb_height': 300, 'fallback': 'Spotify Audio: L-Gante: Bzrp Music Sessions, Vol. 38', 'audio_html': '<iframe width=""300"" height=""380"" allowtransparency=""true"" frameborder=""0"" allow=""encrypted-media"" title=""Spotify Embed: L-Gante: Bzrp Music Sessions, Vol. 38"" src=""https://open.spotify.com/embed/album/6ScNKLKYY6rpgCIJThLnMH""></iframe>', 'audio_html_width': 300, 'audio_html_height': 380, 'from_url': 'https://open.spotify.com/album/6ScNKLKYY6rpgCIJThLnMH', 'service_icon': 'https://a.slack-edge.com/80588/img/unfurl_icons/spotify.png', 'id': 1, 'original_url': 'https://open.spotify.com/album/6ScNKLKYY6rpgCIJThLnMH'}]","[{'type': 'rich_text', 'block_id': 'ju=+2', 'elements': [{'type': 'rich_text_section', 'elements': [{'type': 'link', 'url': 'https://open.spotify.com/album/6ScNKLKYY6rpgCIJThLnMH', 'text': 'https://open.spotify.com/artist/4YYxffPVDFe9XoqqbRW6Bq '}]}]}]",,"[{'name': 'dimitri', 'users': ['U01RW2X7S9Z'], 'count': 1}, {'name': 'surprised_owl', 'users': ['U01RKN0EGDV'], 'count': 1}]",1618502712.0012,1.0,1.0,1618563562.0004,['U01RKN0EGDV'],"[{'user': 'U01RKN0EGDV', 'ts': '1618563562.000400'}]",0.0,0.0,,,,,,,,,music
message,,1620979566.0003,U01S7KCL3DF,"Time Zone :dancing_dog:

<https://www.youtube.com/watch?v=B5S-q1gRxvw&amp;ab_channel=happyendy>",fd4f3bd3-abf4-4fc4-b6eb-9165e3bfbbcc,T01RBRV5F7H,T01RBRV5F7H,T01RBRV5F7H,"{'avatar_hash': '17b52091bb62', 'image_72': 'https://avatars.slack-edge.com/2021-03-19/1875964347925_17b52091bb62c2340b4c_72.png', 'first_name': 'Sam', 'real_name': 'Sam Katterfield', 'display_name': 'Sam', 'team': 'T01RBRV5F7H', 'name': 'samkatterfield', 'is_restricted': False, 'is_ultra_restricted': False}","[{'service_name': 'YouTube', 'service_url': 'https://www.youtube.com/', 'title': 'Time Zone (Afrika Bambaataa feat.John Lydon) - World Destruction', 'title_link': 'https://www.youtube.com/watch?v=B5S-q1gRxvw&amp;ab_channel=happyendy', 'author_name': 'happyendy', 'author_link': 'https://www.youtube.com/user/happyendy', 'thumb_url': 'https://i.ytimg.com/vi/B5S-q1gRxvw/hqdefault.jpg', 'thumb_width': 480, 'thumb_height': 358, 'fallback': 'YouTube Video: Time Zone (Afrika Bambaataa feat.John Lydon) - World Destruction', 'video_html': '<iframe width=""400"" height=""300"" src=""https://www.youtube.com/embed/B5S-q1gRxvw?feature=oembed&autoplay=1&iv_load_policy=3"" frameborder=""0"" allow=""accelerometer; autoplay; clipboard-write; encrypted-media; gyroscope; picture-in-picture"" allowfullscreen></iframe>', 'video_html_width': 400, 'video_html_height': 300, 'from_url': 'https://www.youtube.com/watch?v=B5S-q1gRxvw&amp;ab_channel=happyendy', 'service_icon': 'https://a.slack-edge.com/80588/img/unfurl_icons/youtube.png', 'id': 1, 'original_url': 'https://www.youtube.com/watch?v=B5S-q1gRxvw&amp;ab_channel=happyendy'}]","[{'type': 'rich_text', 'block_id': 'EX1k', 'elements': [{'type': 'rich_text_section', 'elements': [{'type': 'text', 'text': 'Time Zone '}, {'type': 'emoji', 'name': 'dancing_dog'}, {'type': 'text', 'text': '\n\n'}, {'type': 'link', 'url': 'https://www.youtube.com/watch?v=B5S-q1gRxvw&ab_channel=happyendy'}]}]}]",,"[{'name': 'boludo', 'users': ['U01S1CWGTU4'], 'count': 1}]",,,,,,,,,,,,,,,,,music
message,,1620979914.0008,U01S1CWGTU4,<https://www.youtube.com/watch?v=8Uee_mcxvrw>,17649102-bb22-4e8e-b2b9-f72ad329a2a4,T01RBRV5F7H,T01RBRV5F7H,T01RBRV5F7H,"{'avatar_hash': '09076999792d', 'image_72': 'https://avatars.slack-edge.com/2021-03-21/1868032103895_09076999792d539af81c_72.png', 'first_name': '', 'real_name': 'Antonio Saleme Sastre', 'display_name': 'Antonio Saleme Sastre', 'team': 'T01RBRV5F7H', 'name': 'salemesastre', 'is_restricted': False, 'is_ultra_restricted': False}","[{'service_name': 'YouTube', 'service_url': 'https://www.youtube.com/', 'title': ""'I FINK U FREEKY' by DIE ANTWOORD (Official)"", 'title_link': 'https://www.youtube.com/watch?v=8Uee_mcxvrw', 'author_name': 'Die Antwoord', 'author_link': 'https://www.youtube.com/user/ZEFRECORDZ', 'thumb_url': 'https://i.ytimg.com/vi/8Uee_mcxvrw/hqdefault.jpg', 'thumb_width': 480, 'thumb_height': 360, 'fallback': ""YouTube Video: 'I FINK U FREEKY' by DIE ANTWOORD (Official)"", 'video_html': '<iframe width=""400"" height=""225"" src=""https://www.youtube.com/embed/8Uee_mcxvrw?feature=oembed&autoplay=1&iv_load_policy=3"" frameborder=""0"" allow=""accelerometer; autoplay; clipboard-write; encrypted-media; gyroscope; picture-in-picture"" allowfullscreen></iframe>', 'video_html_width': 400, 'video_html_height': 225, 'from_url': 'https://www.youtube.com/watch?v=8Uee_mcxvrw', 'service_icon': 'https://a.slack-edge.com/80588/img/unfurl_icons/youtube.png', 'id': 1, 'original_url': 'https://www.youtube.com/watch?v=8Uee_mcxvrw'}]","[{'type': 'rich_text', 'block_id': 'X9u', 'elements': [{'type': 'rich_text_section', 'elements': [{'type': 'link', 'url': 'https://www.youtube.com/watch?v=8Uee_mcxvrw'}]}]}]",,,,,,,,,,,,,,,,,,,music
message,,1620980124.0013,U01RRV4JX6Z,<@U01S7KCL3DF> <https://www.youtube.com/watch?v=RcYqLBsm4Pc>,93ac8107-afd9-4dc0-a078-5c39318e9a8e,T01RBRV5F7H,T01RBRV5F7H,T01RBRV5F7H,"{'avatar_hash': '339c4d69b7d9', 'image_72': 'https://avatars.slack-edge.com/2021-04-14/1961122781618_339c4d69b7d9fe16343a_72.jpg', 'first_name': '', 'real_name': 'Francisco Ebeling', 'display_name': 'Francisco Ebeling', 'team': 'T01RBRV5F7H', 'name': 'ebelingbarros', 'is_restricted': False, 'is_ultra_restricted': False}","[{'service_name': 'YouTube', 'service_url': 'https://www.youtube.com/', 'title': 'Supla - Garota de Berlim (Clipe Oficial)', 'title_link': 'https://www.youtube.com/watch?v=RcYqLBsm4Pc', 'author_name': 'Supla', 'author_link': 'https://www.youtube.com/c/Suplazoo', 'thumb_url': 'https://i.ytimg.com/vi/RcYqLBsm4Pc/hqdefault.jpg', 'thumb_width': 480, 'thumb_height': 360, 'fallback': 'YouTube Video: Supla - Garota de Berlim (Clipe Oficial)', 'video_html': '<iframe width=""400"" height=""300"" src=""https://www.youtube.com/embed/RcYqLBsm4Pc?feature=oembed&autoplay=1&iv_load_policy=3"" frameborder=""0"" allow=""accelerometer; autoplay; clipboard-write; encrypted-media; gyroscope; picture-in-picture"" allowfullscreen></iframe>', 'video_html_width': 400, 'video_html_height': 300, 'from_url': 'https://www.youtube.com/watch?v=RcYqLBsm4Pc', 'service_icon': 'https://a.slack-edge.com/80588/img/unfurl_icons/youtube.png', 'id': 1, 'original_url': 'https://www.youtube.com/watch?v=RcYqLBsm4Pc'}]","[{'type': 'rich_text', 'block_id': 'jUF/1', 'elements': [{'type': 'rich_text_section', 'elements': [{'type': 'user', 'user_id': 'U01S7KCL3DF'}, {'type': 'text', 'text': ' '}, {'type': 'link', 'url': 'https://www.youtube.com/watch?v=RcYqLBsm4Pc'}]}]}]",,,1620980124.0013,2.0,2.0,1620980363.0021,"['U01S7KCL3DF', 'U01S1CWGTU4']","[{'user': 'U01S7KCL3DF', 'ts': '1620980227.001500'}, {'user': 'U01S1CWGTU4', 'ts': '1620980363.002100'}]",0.0,0.0,,,,,,,,,music
message,,1620980227.0015,U01S7KCL3DF,show de bola :dancing_dog:  …. looks like the Brazillian Billy Idolzinho,00ffbf85-6736-48b9-a3ed-daad31791fea,T01RBRV5F7H,T01RBRV5F7H,T01RBRV5F7H,"{'avatar_hash': '17b52091bb62', 'image_72': 'https://avatars.slack-edge.com/2021-03-19/1875964347925_17b52091bb62c2340b4c_72.png', 'first_name': 'Sam', 'real_name': 'Sam Katterfield', 'display_name': 'Sam', 'team': 'T01RBRV5F7H', 'name': 'samkatterfield', 'is_restricted': False, 'is_ultra_restricted': False}",,"[{'type': 'rich_text', 'block_id': 'v2Z', 'elements': [{'type': 'rich_text_section', 'elements': [{'type': 'text', 'text': 'show de bola '}, {'type': 'emoji', 'name': 'dancing_dog'}, {'type': 'text', 'text': '  …. looks like the Brazillian Billy Idolzinho'}]}]}]",,"[{'name': 'joy', 'users': ['U01RRV4JX6Z'], 'count': 1}]",1620980124.0013,,,,,,,,,U01RRV4JX6Z,,,,,,,music
message,,1620980335.0019,U01RW2X7S9Z,<https://www.youtube.com/watch?v=2Ld2tBmy95U>,2d6feeb5-9b7b-4473-9aba-3b7cb6cc29c7,T01RBRV5F7H,T01RBRV5F7H,T01RBRV5F7H,"{'avatar_hash': '7e12d75d168a', 'image_72': 'https://avatars.slack-edge.com/2021-03-19/1880105796643_7e12d75d168ae25c167d_72.jpg', 'first_name': 'Alexandre', 'real_name': 'Alexandre Sommerkamp', 'display_name': 'Alexandre Sommerkamp', 'team': 'T01RBRV5F7H', 'name': 'alex.c.skp', 'is_restricted': False, 'is_ultra_restricted': False}","[{'service_name': 'YouTube', 'service_url': 'https://www.youtube.com/', 'title': 'Volare', 'title_link': 'https://www.youtube.com/watch?v=2Ld2tBmy95U', 'author_name': 'Jimmy Sabater - Topic', 'author_link': 'https://www.youtube.com/channel/UCXsC5eLcfyRkCNtAv2_RmoQ', 'thumb_url': 'https://i.ytimg.com/vi/2Ld2tBmy95U/hqdefault.jpg', 'thumb_width': 480, 'thumb_height': 360, 'fallback': 'YouTube Video: Volare', 'video_html': '<iframe width=""400"" height=""300"" src=""https://www.youtube.com/embed/2Ld2tBmy95U?feature=oembed&autoplay=1&iv_load_policy=3"" frameborder=""0"" allow=""accelerometer; autoplay; clipboard-write; encrypted-media; gyroscope; picture-in-picture"" allowfullscreen></iframe>', 'video_html_width': 400, 'video_html_height': 300, 'from_url': 'https://www.youtube.com/watch?v=2Ld2tBmy95U', 'service_icon': 'https://a.slack-edge.com/80588/img/unfurl_icons/youtube.png', 'id': 1, 'original_url': 'https://www.youtube.com/watch?v=2Ld2tBmy95U'}]","[{'type': 'rich_text', 'block_id': 'eIl', 'elements': [{'type': 'rich_text_section', 'elements': [{'type': 'link', 'url': 'https://www.youtube.com/watch?v=2Ld2tBmy95U'}]}]}]",,,1620980335.0019,3.0,3.0,1620980772.0048,"['U01RRV4JX6Z', 'U01S1CWGTU4', 'U01RW2X7S9Z']","[{'user': 'U01RRV4JX6Z', 'ts': '1620980515.002300'}, {'user': 'U01S1CWGTU4', 'ts': '1620980614.002700'}, {'user': 'U01RW2X7S9Z', 'ts': '1620980772.004800'}]",0.0,0.0,,,,,,,,,music
message,,1620980363.0021,U01S1CWGTU4,nice one!,43200da8-d771-4386-ad61-7eca9f5e745d,T01RBRV5F7H,T01RBRV5F7H,T01RBRV5F7H,"{'avatar_hash': '09076999792d', 'image_72': 'https://avatars.slack-edge.com/2021-03-21/1868032103895_09076999792d539af81c_72.png', 'first_name': '', 'real_name': 'Antonio Saleme Sastre', 'display_name': 'Antonio Saleme Sastre', 'team': 'T01RBRV5F7H', 'name': 'salemesastre', 'is_restricted': False, 'is_ultra_restricted': False}",,"[{'type': 'rich_text', 'block_id': 'DXate', 'elements': [{'type': 'rich_text_section', 'elements': [{'type': 'text', 'text': 'nice one!'}]}]}]",,,1620980124.0013,,,,,,,,,U01RRV4JX6Z,,,,,,,music
message,,1620980515.0023,U01RRV4JX6Z,This song reminds me of the time I was 8-10 and lived in the Dominican Republic! <https://www.youtube.com/watch?v=qmbx4_TQbkA>,e33f0d59-077e-40f3-846e-68e1923940db,T01RBRV5F7H,T01RBRV5F7H,T01RBRV5F7H,"{'avatar_hash': '339c4d69b7d9', 'image_72': 'https://avatars.slack-edge.com/2021-04-14/1961122781618_339c4d69b7d9fe16343a_72.jpg', 'first_name': '', 'real_name': 'Francisco Ebeling', 'display_name': 'Francisco Ebeling', 'team': 'T01RBRV5F7H', 'name': 'ebelingbarros', 'is_restricted': False, 'is_ultra_restricted': False}","[{'service_name': 'YouTube', 'service_url': 'https://www.youtube.com/', 'title': 'Gipsy Kings - Volare (Official Video)', 'title_link': 'https://www.youtube.com/watch?v=qmbx4_TQbkA', 'author_name': 'gipsykingsVEVO', 'author_link': 'https://www.youtube.com/user/gipsykingsVEVO', 'thumb_url': 'https://i.ytimg.com/vi/qmbx4_TQbkA/hqdefault.jpg', 'thumb_width': 480, 'thumb_height': 360, 'fallback': 'YouTube Video: Gipsy Kings - Volare (Official Video)', 'video_html': '<iframe width=""400"" height=""300"" src=""https://www.youtube.com/embed/qmbx4_TQbkA?feature=oembed&autoplay=1&iv_load_policy=3"" frameborder=""0"" allow=""accelerometer; autoplay; clipboard-write; encrypted-media; gyroscope; picture-in-picture"" allowfullscreen></iframe>', 'video_html_width': 400, 'video_html_height': 300, 'from_url': 'https://www.youtube.com/watch?v=qmbx4_TQbkA', 'service_icon': 'https://a.slack-edge.com/80588/img/unfurl_icons/youtube.png', 'id': 1, 'original_url': 'https://www.youtube.com/watch?v=qmbx4_TQbkA'}]","[{'type': 'rich_text', 'block_id': 'smcW', 'elements': [{'type': 'rich_text_section', 'elements': [{'type': 'text', 'text': 'This song reminds me of the time I was 8-10 and lived in the Dominican Republic! '}, {'type': 'link', 'url': 'https://www.youtube.com/watch?v=qmbx4_TQbkA'}]}]}]",,,1620980335.0019,,,,,,,,,U01RW2X7S9Z,,,,,,,music
message,,1620980614.0027,U01S1CWGTU4,Que bueno esto <@U01RW2X7S9Z>!!!!!! lo q suena!!!!,c371c58e-bc9d-4750-86e7-429cd29da5c0,T01RBRV5F7H,T01RBRV5F7H,T01RBRV5F7H,"{'avatar_hash': '09076999792d', 'image_72': 'https://avatars.slack-edge.com/2021-03-21/1868032103895_09076999792d539af81c_72.png', 'first_name': '', 'real_name': 'Antonio Saleme Sastre', 'display_name': 'Antonio Saleme Sastre', 'team': 'T01RBRV5F7H', 'name': 'salemesastre', 'is_restricted': False, 'is_ultra_restricted': False}",,"[{'type': 'rich_text', 'block_id': '+u87c', 'elements': [{'type': 'rich_text_section', 'elements': [{'type': 'text', 'text': 'Que bueno esto '}, {'type': 'user', 'user_id': 'U01RW2X7S9Z'}, {'type': 'text', 'text': '!!!!!! lo q suena!!!!'}]}]}]",,,1620980335.0019,,,,,,,,,U01RW2X7S9Z,,,,,,,music
message,,1620980632.0033,U01RRV4JX6Z,Like to listen to The Expanse's theme song on an infinite loop: <https://www.youtube.com/watch?v=YLMQnoO5Uik&amp;list=RDYLMQnoO5Uik&amp;start_radio=1>,14f4eb26-85d1-40aa-9010-0055bf7bcfa8,T01RBRV5F7H,T01RBRV5F7H,T01RBRV5F7H,"{'avatar_hash': '339c4d69b7d9', 'image_72': 'https://avatars.slack-edge.com/2021-04-14/1961122781618_339c4d69b7d9fe16343a_72.jpg', 'first_name': '', 'real_name': 'Francisco Ebeling', 'display_name': 'Francisco Ebeling', 'team': 'T01RBRV5F7H', 'name': 'ebelingbarros', 'is_restricted': False, 'is_ultra_restricted': False}","[{'service_name': 'YouTube', 'service_url': 'https://www.youtube.com/', 'title': 'The Expanse title theme 10 minutes long extended', 'title_link': 'https://www.youtube.com/watch?v=YLMQnoO5Uik&amp;list=RDYLMQnoO5Uik&amp;start_radio=1', 'author_name': 'JAG - the Trekkie - GEMINI', 'author_link': 'https://www.youtube.com/user/JAGTHEGEMINI', 'thumb_url': 'https://i.ytimg.com/vi/YLMQnoO5Uik/hqdefault.jpg', 'thumb_width': 480, 'thumb_height': 360, 'fallback': 'YouTube Video: The Expanse title theme 10 minutes long extended', 'video_html': '<iframe width=""400"" height=""225"" src=""https://www.youtube.com/embed/YLMQnoO5Uik?feature=oembed&autoplay=1&iv_load_policy=3"" frameborder=""0"" allow=""accelerometer; autoplay; clipboard-write; encrypted-media; gyroscope; picture-in-picture"" allowfullscreen></iframe>', 'video_html_width': 400, 'video_html_height': 225, 'from_url': 'https://www.youtube.com/watch?v=YLMQnoO5Uik&amp;list=RDYLMQnoO5Uik&amp;start_radio=1', 'service_icon': 'https://a.slack-edge.com/80588/img/unfurl_icons/youtube.png', 'id': 1, 'original_url': 'https://www.youtube.com/watch?v=YLMQnoO5Uik&amp;list=RDYLMQnoO5Uik&amp;start_radio=1'}]","[{'type': 'rich_text', 'block_id': '+u2', 'elements': [{'type': 'rich_text_section', 'elements': [{'type': 'text', 'text': ""Like to listen to The Expanse's theme song on an infinite loop: ""}, {'type': 'link', 'url': 'https://www.youtube.com/watch?v=YLMQnoO5Uik&list=RDYLMQnoO5Uik&start_radio=1'}]}]}]",,"[{'name': 'laughing', 'users': ['U01S0E0MRJ7'], 'count': 1}]",1620980632.0033,12.0,3.0,1620980945.0061,"['U01RW2X7S9Z', 'U01RRV4JX6Z', 'U01S0E0MRJ7']","[{'user': 'U01RW2X7S9Z', 'ts': '1620980678.003500'}, {'user': 'U01RRV4JX6Z', 'ts': '1620980693.003700'}, {'user': 'U01RW2X7S9Z', 'ts': '1620980710.004000'}, {'user': 'U01S0E0MRJ7', 'ts': '1620980719.004200'}, {'user': 'U01RRV4JX6Z', 'ts': '1620980731.004400'}, {'user': 'U01S0E0MRJ7', 'ts': '1620980735.004600'}, {'user': 'U01RRV4JX6Z', 'ts': '1620980784.005100'}, {'user': 'U01RRV4JX6Z', 'ts': '1620980797.005300'}, {'user': 'U01S0E0MRJ7', 'ts': '1620980904.005500'}, {'user': 'U01RRV4JX6Z', 'ts': '1620980911.005700'}, {'user': 'U01RRV4JX6Z', 'ts': '1620980919.005900'}, {'user': 'U01RRV4JX6Z', 'ts': '1620980945.006100'}]",0.0,0.0,,,,,,,,,music
message,,1620980678.0035,U01RW2X7S9Z,"how is the show? haven't seen it, but looks fine!",ab214154-7fd3-4eeb-94df-f1df31a4e8d9,T01RBRV5F7H,T01RBRV5F7H,T01RBRV5F7H,"{'avatar_hash': '7e12d75d168a', 'image_72': 'https://avatars.slack-edge.com/2021-03-19/1880105796643_7e12d75d168ae25c167d_72.jpg', 'first_name': 'Alexandre', 'real_name': 'Alexandre Sommerkamp', 'display_name': 'Alexandre Sommerkamp', 'team': 'T01RBRV5F7H', 'name': 'alex.c.skp', 'is_restricted': False, 'is_ultra_restricted': False}",,"[{'type': 'rich_text', 'block_id': '6HJd', 'elements': [{'type': 'rich_text_section', 'elements': [{'type': 'text', 'text': ""how is the show? haven't seen it, but looks fine!""}]}]}]",,,1620980632.0033,,,,,,,,,U01RRV4JX6Z,,,,,,,music
message,,1620980693.0037,U01RRV4JX6Z,It's amazing! Mindblowing...,343c1a2c-bfbf-496b-9a91-500d0d23803e,T01RBRV5F7H,T01RBRV5F7H,T01RBRV5F7H,"{'avatar_hash': '339c4d69b7d9', 'image_72': 'https://avatars.slack-edge.com/2021-04-14/1961122781618_339c4d69b7d9fe16343a_72.jpg', 'first_name': '', 'real_name': 'Francisco Ebeling', 'display_name': 'Francisco Ebeling', 'team': 'T01RBRV5F7H', 'name': 'ebelingbarros', 'is_restricted': False, 'is_ultra_restricted': False}",,"[{'type': 'rich_text', 'block_id': '880/', 'elements': [{'type': 'rich_text_section', 'elements': [{'type': 'text', 'text': ""It's amazing! Mindblowing...""}]}]}]",,,1620980632.0033,,,,,,,,,U01RRV4JX6Z,,,,,,,music
message,,1620980710.004,U01RW2X7S9Z,"i'm getting out of netflix this month, and probably will subscribe to prime haha",fd26a52b-bac7-4e58-b612-a4eadb7fe869,T01RBRV5F7H,T01RBRV5F7H,T01RBRV5F7H,"{'avatar_hash': '7e12d75d168a', 'image_72': 'https://avatars.slack-edge.com/2021-03-19/1880105796643_7e12d75d168ae25c167d_72.jpg', 'first_name': 'Alexandre', 'real_name': 'Alexandre Sommerkamp', 'display_name': 'Alexandre Sommerkamp', 'team': 'T01RBRV5F7H', 'name': 'alex.c.skp', 'is_restricted': False, 'is_ultra_restricted': False}",,"[{'type': 'rich_text', 'block_id': '7EkT2', 'elements': [{'type': 'rich_text_section', 'elements': [{'type': 'text', 'text': ""i'm getting out of netflix this month, and probably will subscribe to prime haha""}]}]}]",,,1620980632.0033,,,,,,,,,U01RRV4JX6Z,,,,,,,music
message,,1620980719.0042,U01S0E0MRJ7,last 2 seasons kinda suck tho,20aec065-e415-41be-9bc8-489256853e6a,T01RBRV5F7H,T01RBRV5F7H,T01RBRV5F7H,"{'avatar_hash': 'ad6853d3a1f4', 'image_72': 'https://avatars.slack-edge.com/2021-04-16/1993872127808_ad6853d3a1f43da8ec48_72.jpg', 'first_name': '', 'real_name': 'Davis Pudans', 'display_name': 'Davis Pudans', 'team': 'T01RBRV5F7H', 'name': 'd.pudans', 'is_restricted': False, 'is_ultra_restricted': False}",,"[{'type': 'rich_text', 'block_id': 'KmWi', 'elements': [{'type': 'rich_text_section', 'elements': [{'type': 'text', 'text': 'last 2 seasons kinda suck tho'}]}]}]",,,1620980632.0033,,,,,,,,,U01RRV4JX6Z,,,,,,,music
message,,1620980731.0044,U01RRV4JX6Z,I liked all of them :slightly_smiling_face:,245f0c48-b9da-4abb-bfca-0aefcf1350c8,T01RBRV5F7H,T01RBRV5F7H,T01RBRV5F7H,"{'avatar_hash': '339c4d69b7d9', 'image_72': 'https://avatars.slack-edge.com/2021-04-14/1961122781618_339c4d69b7d9fe16343a_72.jpg', 'first_name': '', 'real_name': 'Francisco Ebeling', 'display_name': 'Francisco Ebeling', 'team': 'T01RBRV5F7H', 'name': 'ebelingbarros', 'is_restricted': False, 'is_ultra_restricted': False}",,"[{'type': 'rich_text', 'block_id': 'ygx5', 'elements': [{'type': 'rich_text_section', 'elements': [{'type': 'text', 'text': 'I liked all of them '}, {'type': 'emoji', 'name': 'slightly_smiling_face'}]}]}]",,,1620980632.0033,,,,,,,,,U01RRV4JX6Z,,,,,,,music
message,,1620980735.0046,U01S0E0MRJ7,1st 2 agree,031b7ebe-28d9-456b-8bca-315ab970ef61,T01RBRV5F7H,T01RBRV5F7H,T01RBRV5F7H,"{'avatar_hash': 'ad6853d3a1f4', 'image_72': 'https://avatars.slack-edge.com/2021-04-16/1993872127808_ad6853d3a1f43da8ec48_72.jpg', 'first_name': '', 'real_name': 'Davis Pudans', 'display_name': 'Davis Pudans', 'team': 'T01RBRV5F7H', 'name': 'd.pudans', 'is_restricted': False, 'is_ultra_restricted': False}",,"[{'type': 'rich_text', 'block_id': 'uU9', 'elements': [{'type': 'rich_text_section', 'elements': [{'type': 'text', 'text': '1st 2 agree'}]}]}]",,,1620980632.0033,,,,,,,,,U01RRV4JX6Z,,,,,,,music
message,,1620980772.0048,U01RW2X7S9Z,para quedarse en la vibra: <https://open.spotify.com/playlist/37i9dQZF1E8IxWR0vunUR6?si=d8553e4f37924550>,4bd82eaf-43a6-421c-a1e2-dd6828721db1,T01RBRV5F7H,T01RBRV5F7H,T01RBRV5F7H,"{'avatar_hash': '7e12d75d168a', 'image_72': 'https://avatars.slack-edge.com/2021-03-19/1880105796643_7e12d75d168ae25c167d_72.jpg', 'first_name': 'Alexandre', 'real_name': 'Alexandre Sommerkamp', 'display_name': 'Alexandre Sommerkamp', 'team': 'T01RBRV5F7H', 'name': 'alex.c.skp', 'is_restricted': False, 'is_ultra_restricted': False}","[{'service_name': 'Spotify', 'service_url': 'https://spotify.com', 'title': 'Volare Radio', 'title_link': 'https://open.spotify.com/playlist/37i9dQZF1E8IxWR0vunUR6?si=d8553e4f37924550', 'thumb_url': 'https://seeded-session-images.scdn.co/v1/img/track/4uLTLbh4R5RHww4hJdnVMv/en', 'thumb_width': 640, 'thumb_height': 640, 'fallback': 'Spotify Audio: Volare Radio', 'audio_html': '<iframe width=""300"" height=""380"" allowtransparency=""true"" frameborder=""0"" allow=""encrypted-media"" title=""Spotify Embed: Volare Radio"" src=""https://open.spotify.com/embed/playlist/37i9dQZF1E8IxWR0vunUR6?si=d8553e4f37924550""></iframe>', 'audio_html_width': 300, 'audio_html_height': 380, 'from_url': 'https://open.spotify.com/playlist/37i9dQZF1E8IxWR0vunUR6?si=d8553e4f37924550', 'service_icon': 'https://a.slack-edge.com/80588/img/unfurl_icons/spotify.png', 'id': 1, 'original_url': 'https://open.spotify.com/playlist/37i9dQZF1E8IxWR0vunUR6?si=d8553e4f37924550'}]","[{'type': 'rich_text', 'block_id': '=3O7l', 'elements': [{'type': 'rich_text_section', 'elements': [{'type': 'text', 'text': 'para quedarse en la vibra: '}, {'type': 'link', 'url': 'https://open.spotify.com/playlist/37i9dQZF1E8IxWR0vunUR6?si=d8553e4f37924550'}]}]}]",,,1620980335.0019,,,,,,,,,U01RW2X7S9Z,,,,,,,music
message,,1620980784.0051,U01RRV4JX6Z,"As a whole, i dont think that Amazon Prime Video is good",696a5141-5b07-4b47-86cd-465ac651e64f,T01RBRV5F7H,T01RBRV5F7H,T01RBRV5F7H,"{'avatar_hash': '339c4d69b7d9', 'image_72': 'https://avatars.slack-edge.com/2021-04-14/1961122781618_339c4d69b7d9fe16343a_72.jpg', 'first_name': '', 'real_name': 'Francisco Ebeling', 'display_name': 'Francisco Ebeling', 'team': 'T01RBRV5F7H', 'name': 'ebelingbarros', 'is_restricted': False, 'is_ultra_restricted': False}",,"[{'type': 'rich_text', 'block_id': 'z9uN', 'elements': [{'type': 'rich_text_section', 'elements': [{'type': 'text', 'text': 'As a whole, i dont think that Amazon Prime Video is good'}]}]}]",,,1620980632.0033,,,,,,,,,U01RRV4JX6Z,,,,,,,music
message,,1620980797.0053,U01RRV4JX6Z,Netflix is much better,aee93ae7-4ba1-495a-80d6-e19987aa4847,T01RBRV5F7H,T01RBRV5F7H,T01RBRV5F7H,"{'avatar_hash': '339c4d69b7d9', 'image_72': 'https://avatars.slack-edge.com/2021-04-14/1961122781618_339c4d69b7d9fe16343a_72.jpg', 'first_name': '', 'real_name': 'Francisco Ebeling', 'display_name': 'Francisco Ebeling', 'team': 'T01RBRV5F7H', 'name': 'ebelingbarros', 'is_restricted': False, 'is_ultra_restricted': False}",,"[{'type': 'rich_text', 'block_id': 'zciWb', 'elements': [{'type': 'rich_text_section', 'elements': [{'type': 'text', 'text': 'Netflix is much better'}]}]}]",,,1620980632.0033,,,,,,,,,U01RRV4JX6Z,,,,,,,music
message,,1620980904.0055,U01S0E0MRJ7,half of the movies on amazon are only in dubbed german :face_with_rolling_eyes:,d2e48e66-a910-4d08-a680-4f38e329681a,T01RBRV5F7H,T01RBRV5F7H,T01RBRV5F7H,"{'avatar_hash': 'ad6853d3a1f4', 'image_72': 'https://avatars.slack-edge.com/2021-04-16/1993872127808_ad6853d3a1f43da8ec48_72.jpg', 'first_name': '', 'real_name': 'Davis Pudans', 'display_name': 'Davis Pudans', 'team': 'T01RBRV5F7H', 'name': 'd.pudans', 'is_restricted': False, 'is_ultra_restricted': False}",,"[{'type': 'rich_text', 'block_id': 'ooI5', 'elements': [{'type': 'rich_text_section', 'elements': [{'type': 'text', 'text': 'half of the movies on amazon are only in dubbed german '}, {'type': 'emoji', 'name': 'face_with_rolling_eyes'}]}]}]",,,1620980632.0033,,,,,,,,,U01RRV4JX6Z,,,,,,,music
message,,1620980911.0057,U01RRV4JX6Z,"I wouldnt sign it up. Because I'm enrolled at an university as a PhD candidate, I got Amazon prime for free out of the blue as a promotion. But I dont really like it besides The Expanse",ec05c0c7-5c87-48fe-8d32-226a8cdcc5b3,T01RBRV5F7H,T01RBRV5F7H,T01RBRV5F7H,"{'avatar_hash': '339c4d69b7d9', 'image_72': 'https://avatars.slack-edge.com/2021-04-14/1961122781618_339c4d69b7d9fe16343a_72.jpg', 'first_name': '', 'real_name': 'Francisco Ebeling', 'display_name': 'Francisco Ebeling', 'team': 'T01RBRV5F7H', 'name': 'ebelingbarros', 'is_restricted': False, 'is_ultra_restricted': False}",,"[{'type': 'rich_text', 'block_id': 'UIUYB', 'elements': [{'type': 'rich_text_section', 'elements': [{'type': 'text', 'text': ""I wouldnt sign it up. Because I'm enrolled at an university as a PhD candidate, I got Amazon prime for free out of the blue as a promotion. But I dont really like it besides The Expanse""}]}]}]",,,1620980632.0033,,,,,,,,,U01RRV4JX6Z,,,,,,,music
message,,1620980919.0059,U01RRV4JX6Z,"Yeah, this sucks very much",68854fa4-8df1-4dcf-a2da-27261fb8bd9e,T01RBRV5F7H,T01RBRV5F7H,T01RBRV5F7H,"{'avatar_hash': '339c4d69b7d9', 'image_72': 'https://avatars.slack-edge.com/2021-04-14/1961122781618_339c4d69b7d9fe16343a_72.jpg', 'first_name': '', 'real_name': 'Francisco Ebeling', 'display_name': 'Francisco Ebeling', 'team': 'T01RBRV5F7H', 'name': 'ebelingbarros', 'is_restricted': False, 'is_ultra_restricted': False}",,"[{'type': 'rich_text', 'block_id': 'O8x1', 'elements': [{'type': 'rich_text_section', 'elements': [{'type': 'text', 'text': 'Yeah, this sucks very much'}]}]}]",,,1620980632.0033,,,,,,,,,U01RRV4JX6Z,,,,,,,music
message,,1620980945.0061,U01RRV4JX6Z,Germans are so cultured people. I dont know why they like dubbed movies,62f8ada1-c7e5-4a76-89f9-57c56df9c625,T01RBRV5F7H,T01RBRV5F7H,T01RBRV5F7H,"{'avatar_hash': '339c4d69b7d9', 'image_72': 'https://avatars.slack-edge.com/2021-04-14/1961122781618_339c4d69b7d9fe16343a_72.jpg', 'first_name': '', 'real_name': 'Francisco Ebeling', 'display_name': 'Francisco Ebeling', 'team': 'T01RBRV5F7H', 'name': 'ebelingbarros', 'is_restricted': False, 'is_ultra_restricted': False}",,"[{'type': 'rich_text', 'block_id': 'gnllJ', 'elements': [{'type': 'rich_text_section', 'elements': [{'type': 'text', 'text': 'Germans are so cultured people. I dont know why they like dubbed movies'}]}]}]",,,1620980632.0033,,,,,,,,,U01RRV4JX6Z,,,,,,,music
message,,1620981270.0064,U01S1CWGTU4,<https://www.youtube.com/watch?v=2L5I3l3vZ0w>,dc9129fd-a21a-4b62-aeed-a3cd2b07410a,T01RBRV5F7H,T01RBRV5F7H,T01RBRV5F7H,"{'avatar_hash': '09076999792d', 'image_72': 'https://avatars.slack-edge.com/2021-03-21/1868032103895_09076999792d539af81c_72.png', 'first_name': '', 'real_name': 'Antonio Saleme Sastre', 'display_name': 'Antonio Saleme Sastre', 'team': 'T01RBRV5F7H', 'name': 'salemesastre', 'is_restricted': False, 'is_ultra_restricted': False}","[{'service_name': 'YouTube', 'service_url': 'https://www.youtube.com/', 'title': 'zucchero feat.cheb mami cosi celeste(original) full version', 'title_link': 'https://www.youtube.com/watch?v=2L5I3l3vZ0w', 'author_name': 'piffy85', 'author_link': 'https://www.youtube.com/user/piffy85', 'thumb_url': 'https://i.ytimg.com/vi/2L5I3l3vZ0w/hqdefault.jpg', 'thumb_width': 480, 'thumb_height': 360, 'fallback': 'YouTube Video: zucchero feat.cheb mami cosi celeste(original) full version', 'video_html': '<iframe width=""400"" height=""225"" src=""https://www.youtube.com/embed/2L5I3l3vZ0w?feature=oembed&autoplay=1&iv_load_policy=3"" frameborder=""0"" allow=""accelerometer; autoplay; clipboard-write; encrypted-media; gyroscope; picture-in-picture"" allowfullscreen></iframe>', 'video_html_width': 400, 'video_html_height': 225, 'from_url': 'https://www.youtube.com/watch?v=2L5I3l3vZ0w', 'service_icon': 'https://a.slack-edge.com/80588/img/unfurl_icons/youtube.png', 'id': 1, 'original_url': 'https://www.youtube.com/watch?v=2L5I3l3vZ0w'}]","[{'type': 'rich_text', 'block_id': 'ol+', 'elements': [{'type': 'rich_text_section', 'elements': [{'type': 'link', 'url': 'https://www.youtube.com/watch?v=2L5I3l3vZ0w'}]}]}]",,,,,,,,,,,,,,,,,,,music
message,,1620981548.0067,U01RRV4JX6Z,<https://www.youtube.com/watch?v=fCPFkR87uRE>,30863440-8832-4d23-88a7-7cdb20578954,T01RBRV5F7H,T01RBRV5F7H,T01RBRV5F7H,"{'avatar_hash': '339c4d69b7d9', 'image_72': 'https://avatars.slack-edge.com/2021-04-14/1961122781618_339c4d69b7d9fe16343a_72.jpg', 'first_name': '', 'real_name': 'Francisco Ebeling', 'display_name': 'Francisco Ebeling', 'team': 'T01RBRV5F7H', 'name': 'ebelingbarros', 'is_restricted': False, 'is_ultra_restricted': False}","[{'service_name': 'YouTube', 'service_url': 'https://www.youtube.com/', 'title': 'bill evans- In a sentimental mood (1967)', 'title_link': 'https://www.youtube.com/watch?v=fCPFkR87uRE', 'author_name': 'esperipoctialito', 'author_link': 'https://www.youtube.com/c/esperipoctialitogoogleargentina', 'thumb_url': 'https://i.ytimg.com/vi/fCPFkR87uRE/hqdefault.jpg', 'thumb_width': 480, 'thumb_height': 360, 'fallback': 'YouTube Video: bill evans- In a sentimental mood (1967)', 'video_html': '<iframe width=""400"" height=""225"" src=""https://www.youtube.com/embed/fCPFkR87uRE?feature=oembed&autoplay=1&iv_load_policy=3"" frameborder=""0"" allow=""accelerometer; autoplay; clipboard-write; encrypted-media; gyroscope; picture-in-picture"" allowfullscreen></iframe>', 'video_html_width': 400, 'video_html_height': 225, 'from_url': 'https://www.youtube.com/watch?v=fCPFkR87uRE', 'service_icon': 'https://a.slack-edge.com/80588/img/unfurl_icons/youtube.png', 'id': 1, 'original_url': 'https://www.youtube.com/watch?v=fCPFkR87uRE'}]","[{'type': 'rich_text', 'block_id': 'WfF', 'elements': [{'type': 'rich_text_section', 'elements': [{'type': 'link', 'url': 'https://www.youtube.com/watch?v=fCPFkR87uRE'}]}]}]",,"[{'name': 'raised_hands', 'users': ['U01RW2X7S9Z'], 'count': 1}]",,,,,,,,,,,,,,,,,music
message,,1620981977.0071,U01RRV4JX6Z,<https://www.youtube.com/watch?v=eZ6F_Lphrho>,cfc64c08-530d-4ea5-9989-2b75f12a99e9,T01RBRV5F7H,T01RBRV5F7H,T01RBRV5F7H,"{'avatar_hash': '339c4d69b7d9', 'image_72': 'https://avatars.slack-edge.com/2021-04-14/1961122781618_339c4d69b7d9fe16343a_72.jpg', 'first_name': '', 'real_name': 'Francisco Ebeling', 'display_name': 'Francisco Ebeling', 'team': 'T01RBRV5F7H', 'name': 'ebelingbarros', 'is_restricted': False, 'is_ultra_restricted': False}","[{'service_name': 'YouTube', 'service_url': 'https://www.youtube.com/', 'title': 'Samba de Orly - Toquinho &amp; Vinícius', 'title_link': 'https://www.youtube.com/watch?v=eZ6F_Lphrho', 'author_name': 'EdgarRodrigues', 'author_link': 'https://www.youtube.com/user/EdgarRodrigues', 'thumb_url': 'https://i.ytimg.com/vi/eZ6F_Lphrho/hqdefault.jpg', 'thumb_width': 480, 'thumb_height': 360, 'fallback': 'YouTube Video: Samba de Orly - Toquinho & Vinícius', 'video_html': '<iframe width=""400"" height=""300"" src=""https://www.youtube.com/embed/eZ6F_Lphrho?feature=oembed&autoplay=1&iv_load_policy=3"" frameborder=""0"" allow=""accelerometer; autoplay; clipboard-write; encrypted-media; gyroscope; picture-in-picture"" allowfullscreen></iframe>', 'video_html_width': 400, 'video_html_height': 300, 'from_url': 'https://www.youtube.com/watch?v=eZ6F_Lphrho', 'service_icon': 'https://a.slack-edge.com/80588/img/unfurl_icons/youtube.png', 'id': 1, 'original_url': 'https://www.youtube.com/watch?v=eZ6F_Lphrho'}]","[{'type': 'rich_text', 'block_id': 'I74', 'elements': [{'type': 'rich_text_section', 'elements': [{'type': 'link', 'url': 'https://www.youtube.com/watch?v=eZ6F_Lphrho'}]}]}]",,,,,,,,,,,,,,,,,,,music
message,,1620986905.0074,U01RKN0EGDV,<https://youtu.be/vO5kmgKrQzA>,31fa5c3f-8ee3-4506-8bd3-faebec84d49c,T01RBRV5F7H,T01RBRV5F7H,T01RBRV5F7H,"{'avatar_hash': 'abe46e9352ee', 'image_72': 'https://avatars.slack-edge.com/2021-03-24/1878427345639_abe46e9352ee26531094_72.jpg', 'first_name': 'Marian', 'real_name': 'Marian Moreno', 'display_name': 'Marian (she/her)', 'team': 'T01RBRV5F7H', 'name': 'marimor62', 'is_restricted': False, 'is_ultra_restricted': False}","[{'service_name': 'YouTube', 'service_url': 'https://www.youtube.com/', 'title': 'Lágrimas de Sangre - Quemar el mar (Videoclip oficial)', 'title_link': 'https://youtu.be/vO5kmgKrQzA', 'author_name': 'Lágrimas de Sangre', 'author_link': 'https://www.youtube.com/c/LágrimasDeSangre', 'thumb_url': 'https://i.ytimg.com/vi/vO5kmgKrQzA/hqdefault.jpg', 'thumb_width': 480, 'thumb_height': 360, 'fallback': 'YouTube Video: Lágrimas de Sangre - Quemar el mar (Videoclip oficial)', 'video_html': '<iframe width=""400"" height=""225"" src=""https://www.youtube.com/embed/vO5kmgKrQzA?feature=oembed&autoplay=1&iv_load_policy=3"" frameborder=""0"" allow=""accelerometer; autoplay; clipboard-write; encrypted-media; gyroscope; picture-in-picture"" allowfullscreen></iframe>', 'video_html_width': 400, 'video_html_height': 225, 'from_url': 'https://youtu.be/vO5kmgKrQzA', 'service_icon': 'https://a.slack-edge.com/80588/img/unfurl_icons/youtube.png', 'id': 1, 'original_url': 'https://youtu.be/vO5kmgKrQzA'}]","[{'type': 'rich_text', 'block_id': 'Pe8', 'elements': [{'type': 'rich_text_section', 'elements': [{'type': 'link', 'url': 'https://youtu.be/vO5kmgKrQzA'}]}]}]",,"[{'name': 'hugging_face', 'users': ['U01S1CWGTU4'], 'count': 1}]",,,,,,,,,,,,,,,,,music
message,,1620987986.0077,U01RRV4JX6Z,<https://www.youtube.com/watch?v=cg1wDc9JVB4>,67276c81-60d8-427d-a254-5b479b1b81af,T01RBRV5F7H,T01RBRV5F7H,T01RBRV5F7H,"{'avatar_hash': '339c4d69b7d9', 'image_72': 'https://avatars.slack-edge.com/2021-04-14/1961122781618_339c4d69b7d9fe16343a_72.jpg', 'first_name': '', 'real_name': 'Francisco Ebeling', 'display_name': 'Francisco Ebeling', 'team': 'T01RBRV5F7H', 'name': 'ebelingbarros', 'is_restricted': False, 'is_ultra_restricted': False}","[{'service_name': 'YouTube', 'service_url': 'https://www.youtube.com/', 'title': 'Jorge Drexler - Al otro lado del rio (video clip)', 'title_link': 'https://www.youtube.com/watch?v=cg1wDc9JVB4', 'author_name': 'Jorge Drexler', 'author_link': 'https://www.youtube.com/c/oficialjorgedrexler', 'thumb_url': 'https://i.ytimg.com/vi/cg1wDc9JVB4/hqdefault.jpg', 'thumb_width': 480, 'thumb_height': 360, 'fallback': 'YouTube Video: Jorge Drexler - Al otro lado del rio (video clip)', 'video_html': '<iframe width=""400"" height=""300"" src=""https://www.youtube.com/embed/cg1wDc9JVB4?feature=oembed&autoplay=1&iv_load_policy=3"" frameborder=""0"" allow=""accelerometer; autoplay; clipboard-write; encrypted-media; gyroscope; picture-in-picture"" allowfullscreen></iframe>', 'video_html_width': 400, 'video_html_height': 300, 'from_url': 'https://www.youtube.com/watch?v=cg1wDc9JVB4', 'service_icon': 'https://a.slack-edge.com/80588/img/unfurl_icons/youtube.png', 'id': 1, 'original_url': 'https://www.youtube.com/watch?v=cg1wDc9JVB4'}]","[{'type': 'rich_text', 'block_id': 'n9Hl', 'elements': [{'type': 'rich_text_section', 'elements': [{'type': 'link', 'url': 'https://www.youtube.com/watch?v=cg1wDc9JVB4'}]}]}]",,,,,,,,,,,,,,,,,,,music
message,,1620988272.008,U01RRV4JX6Z,<https://www.youtube.com/watch?v=9MzeJLs6yj0>,fca4dd95-9319-4f1c-a3bf-c38919036e57,T01RBRV5F7H,T01RBRV5F7H,T01RBRV5F7H,"{'avatar_hash': '339c4d69b7d9', 'image_72': 'https://avatars.slack-edge.com/2021-04-14/1961122781618_339c4d69b7d9fe16343a_72.jpg', 'first_name': '', 'real_name': 'Francisco Ebeling', 'display_name': 'Francisco Ebeling', 'team': 'T01RBRV5F7H', 'name': 'ebelingbarros', 'is_restricted': False, 'is_ultra_restricted': False}","[{'service_name': 'YouTube', 'service_url': 'https://www.youtube.com/', 'title': 'Acústico MTV Titãs - Go Back - Sérgio Britto e Torquato Neto -  Fito Paez', 'title_link': 'https://www.youtube.com/watch?v=9MzeJLs6yj0', 'author_name': 'Flavio Morais', 'author_link': 'https://www.youtube.com/user/madeinpiaui', 'thumb_url': 'https://i.ytimg.com/vi/9MzeJLs6yj0/hqdefault.jpg', 'thumb_width': 480, 'thumb_height': 360, 'fallback': 'YouTube Video: Acústico MTV Titãs - Go Back - Sérgio Britto e Torquato Neto -  Fito Paez', 'video_html': '<iframe width=""400"" height=""300"" src=""https://www.youtube.com/embed/9MzeJLs6yj0?feature=oembed&autoplay=1&iv_load_policy=3"" frameborder=""0"" allow=""accelerometer; autoplay; clipboard-write; encrypted-media; gyroscope; picture-in-picture"" allowfullscreen></iframe>', 'video_html_width': 400, 'video_html_height': 300, 'from_url': 'https://www.youtube.com/watch?v=9MzeJLs6yj0', 'service_icon': 'https://a.slack-edge.com/80588/img/unfurl_icons/youtube.png', 'id': 1, 'original_url': 'https://www.youtube.com/watch?v=9MzeJLs6yj0'}]","[{'type': 'rich_text', 'block_id': 'FLX', 'elements': [{'type': 'rich_text_section', 'elements': [{'type': 'link', 'url': 'https://www.youtube.com/watch?v=9MzeJLs6yj0'}]}]}]",,,1620988272.008,14.0,3.0,1621014322.0167,"['U01S1CWGTU4', 'U01RRV4JX6Z', 'U01S7KCL3DF']","[{'user': 'U01S1CWGTU4', 'ts': '1620988413.008200'}, {'user': 'U01S1CWGTU4', 'ts': '1620988506.008500'}, {'user': 'U01RRV4JX6Z', 'ts': '1620988668.009100'}, {'user': 'U01RRV4JX6Z', 'ts': '1620988821.009300'}, {'user': 'U01S1CWGTU4', 'ts': '1620989057.009600'}, {'user': 'U01S1CWGTU4', 'ts': '1620989968.011200'}, {'user': 'U01S7KCL3DF', 'ts': '1620998012.014200'}, {'user': 'U01S7KCL3DF', 'ts': '1620998153.014400'}, {'user': 'U01S1CWGTU4', 'ts': '1620999682.014800'}, {'user': 'U01S7KCL3DF', 'ts': '1621000014.015000'}, {'user': 'U01RRV4JX6Z', 'ts': '1621000183.015300'}, {'user': 'U01S1CWGTU4', 'ts': '1621000863.015600'}, {'user': 'U01S7KCL3DF', 'ts': '1621003335.016200'}, {'user': 'U01S1CWGTU4', 'ts': '1621014322.016700'}]",0.0,0.0,,,,,,,,,music
message,,1620988413.0082,U01S1CWGTU4,Fito :heart:,5d8a7dad-7816-4bf5-9090-193fd8c66b32,T01RBRV5F7H,T01RBRV5F7H,T01RBRV5F7H,"{'avatar_hash': '09076999792d', 'image_72': 'https://avatars.slack-edge.com/2021-03-21/1868032103895_09076999792d539af81c_72.png', 'first_name': '', 'real_name': 'Antonio Saleme Sastre', 'display_name': 'Antonio Saleme Sastre', 'team': 'T01RBRV5F7H', 'name': 'salemesastre', 'is_restricted': False, 'is_ultra_restricted': False}",,"[{'type': 'rich_text', 'block_id': 'iP5Px', 'elements': [{'type': 'rich_text_section', 'elements': [{'type': 'text', 'text': 'Fito '}, {'type': 'emoji', 'name': 'heart'}]}]}]",,"[{'name': 'heart', 'users': ['U01RRV4JX6Z'], 'count': 1}]",1620988272.008,,,,,,,,,U01RRV4JX6Z,,,,,,,music
message,,1620988506.0085,U01S1CWGTU4,"""El amor despues del amor"", one of the best CDs I know.",aceb3c4f-ec87-4bdf-a7af-dc2d0589f2b6,T01RBRV5F7H,T01RBRV5F7H,T01RBRV5F7H,"{'avatar_hash': '09076999792d', 'image_72': 'https://avatars.slack-edge.com/2021-03-21/1868032103895_09076999792d539af81c_72.png', 'first_name': '', 'real_name': 'Antonio Saleme Sastre', 'display_name': 'Antonio Saleme Sastre', 'team': 'T01RBRV5F7H', 'name': 'salemesastre', 'is_restricted': False, 'is_ultra_restricted': False}",,"[{'type': 'rich_text', 'block_id': 'kw5', 'elements': [{'type': 'rich_text_section', 'elements': [{'type': 'text', 'text': '""El amor despues del amor"", one of the best CDs I know.'}]}]}]",,,1620988272.008,,,,,,,,,U01RRV4JX6Z,,,,,,,music
message,,1620988598.0088,U01S1CWGTU4,<https://www.youtube.com/watch?v=XGSs_toCZeE>,2725deff-ef4f-4162-8a28-428c0eca3333,T01RBRV5F7H,T01RBRV5F7H,T01RBRV5F7H,"{'avatar_hash': '09076999792d', 'image_72': 'https://avatars.slack-edge.com/2021-03-21/1868032103895_09076999792d539af81c_72.png', 'first_name': '', 'real_name': 'Antonio Saleme Sastre', 'display_name': 'Antonio Saleme Sastre', 'team': 'T01RBRV5F7H', 'name': 'salemesastre', 'is_restricted': False, 'is_ultra_restricted': False}","[{'service_name': 'YouTube', 'service_url': 'https://www.youtube.com/', 'title': 'Fito Paez - La Rueda Mágica (En Vivo)', 'title_link': 'https://www.youtube.com/watch?v=XGSs_toCZeE', 'author_name': 'FitoPaezVEVO', 'author_link': 'https://www.youtube.com/user/FitoPaezVEVO', 'thumb_url': 'https://i.ytimg.com/vi/XGSs_toCZeE/hqdefault.jpg', 'thumb_width': 480, 'thumb_height': 360, 'fallback': 'YouTube Video: Fito Paez - La Rueda Mágica (En Vivo)', 'video_html': '<iframe width=""400"" height=""225"" src=""https://www.youtube.com/embed/XGSs_toCZeE?feature=oembed&autoplay=1&iv_load_policy=3"" frameborder=""0"" allow=""accelerometer; autoplay; clipboard-write; encrypted-media; gyroscope; picture-in-picture"" allowfullscreen></iframe>', 'video_html_width': 400, 'video_html_height': 225, 'from_url': 'https://www.youtube.com/watch?v=XGSs_toCZeE', 'service_icon': 'https://a.slack-edge.com/80588/img/unfurl_icons/youtube.png', 'id': 1, 'original_url': 'https://www.youtube.com/watch?v=XGSs_toCZeE'}]","[{'type': 'rich_text', 'block_id': 'CCEkp', 'elements': [{'type': 'rich_text_section', 'elements': [{'type': 'link', 'url': 'https://www.youtube.com/watch?v=XGSs_toCZeE'}]}]}]",,"[{'name': 'raised_hands', 'users': ['U01RRV4JX6Z'], 'count': 1}]",,,,,,,,,,,,,,,,,music
message,,1620988668.0091,U01RRV4JX6Z,This was a magical encounter of the Brazilian band Titas and Fito,9fa611b0-d9a3-42e4-94ca-89dcaefbe3ef,T01RBRV5F7H,T01RBRV5F7H,T01RBRV5F7H,"{'avatar_hash': '339c4d69b7d9', 'image_72': 'https://avatars.slack-edge.com/2021-04-14/1961122781618_339c4d69b7d9fe16343a_72.jpg', 'first_name': '', 'real_name': 'Francisco Ebeling', 'display_name': 'Francisco Ebeling', 'team': 'T01RBRV5F7H', 'name': 'ebelingbarros', 'is_restricted': False, 'is_ultra_restricted': False}",,"[{'type': 'rich_text', 'block_id': 'U=hcd', 'elements': [{'type': 'rich_text_section', 'elements': [{'type': 'text', 'text': 'This was a magical encounter of the Brazilian band Titas and Fito'}]}]}]",,"[{'name': 'raised_hands', 'users': ['U01S1CWGTU4'], 'count': 1}]",1620988272.008,,,,,,,,,U01RRV4JX6Z,,,,,,,music
message,,1620988821.0093,U01RRV4JX6Z,Do you miss Argentina when you hear these songs?,8fdf7cd4-e6ae-479a-8174-09be76f4f2c8,T01RBRV5F7H,T01RBRV5F7H,T01RBRV5F7H,"{'avatar_hash': '339c4d69b7d9', 'image_72': 'https://avatars.slack-edge.com/2021-04-14/1961122781618_339c4d69b7d9fe16343a_72.jpg', 'first_name': '', 'real_name': 'Francisco Ebeling', 'display_name': 'Francisco Ebeling', 'team': 'T01RBRV5F7H', 'name': 'ebelingbarros', 'is_restricted': False, 'is_ultra_restricted': False}",,"[{'type': 'rich_text', 'block_id': 'r=s', 'elements': [{'type': 'rich_text_section', 'elements': [{'type': 'text', 'text': 'Do you miss Argentina when you hear these songs?'}]}]}]",,,1620988272.008,,,,,,,,,U01RRV4JX6Z,,,,,,,music
message,,1620989057.0096,U01S1CWGTU4,I always miss argentinean passion haha,2cfa9604-2bc1-49a1-9348-d8e0cb1da5fb,T01RBRV5F7H,T01RBRV5F7H,T01RBRV5F7H,"{'avatar_hash': '09076999792d', 'image_72': 'https://avatars.slack-edge.com/2021-03-21/1868032103895_09076999792d539af81c_72.png', 'first_name': '', 'real_name': 'Antonio Saleme Sastre', 'display_name': 'Antonio Saleme Sastre', 'team': 'T01RBRV5F7H', 'name': 'salemesastre', 'is_restricted': False, 'is_ultra_restricted': False}",,"[{'type': 'rich_text', 'block_id': 'Z=Ld5', 'elements': [{'type': 'rich_text_section', 'elements': [{'type': 'text', 'text': 'I always miss argentinean passion haha'}]}]}]",,,1620988272.008,,,,,,,,,U01RRV4JX6Z,,,,,,,music
message,,1620989435.01,U01RW140HBP,<https://open.spotify.com/album/3eWQoEXNDLkfUadLYhdzEV?si=r2n4Ax_YQ8ez_7y2eUj-Lg>,b11f7ec4-f8e0-4677-a6cf-eb07ed30974e,T01RBRV5F7H,T01RBRV5F7H,T01RBRV5F7H,"{'avatar_hash': '4c43a3a8d10b', 'image_72': 'https://avatars.slack-edge.com/2021-03-21/1895736308209_4c43a3a8d10bc2fe5e13_72.png', 'first_name': 'siand', 'real_name': 'siand the LT (she/her)', 'display_name': 'siand the LT (she/her)', 'team': 'T01RBRV5F7H', 'name': 'sian.davies', 'is_restricted': False, 'is_ultra_restricted': False}","[{'service_name': 'Spotify', 'service_url': 'https://spotify.com', 'title': 'A Tuba to Cuba', 'title_link': 'https://open.spotify.com/album/3eWQoEXNDLkfUadLYhdzEV?si=r2n4Ax_YQ8ez_7y2eUj-Lg', 'thumb_url': 'https://i.scdn.co/image/ab67616d00001e029a6fda36950cce6653f8f9e3', 'thumb_width': 300, 'thumb_height': 300, 'fallback': 'Spotify Audio: A Tuba to Cuba', 'audio_html': '<iframe width=""300"" height=""380"" allowtransparency=""true"" frameborder=""0"" allow=""encrypted-media"" title=""Spotify Embed: A Tuba to Cuba"" src=""https://open.spotify.com/embed/album/3eWQoEXNDLkfUadLYhdzEV?si=r2n4Ax_YQ8ez_7y2eUj-Lg""></iframe>', 'audio_html_width': 300, 'audio_html_height': 380, 'from_url': 'https://open.spotify.com/album/3eWQoEXNDLkfUadLYhdzEV?si=r2n4Ax_YQ8ez_7y2eUj-Lg', 'service_icon': 'https://a.slack-edge.com/80588/img/unfurl_icons/spotify.png', 'id': 1, 'original_url': 'https://open.spotify.com/album/3eWQoEXNDLkfUadLYhdzEV?si=r2n4Ax_YQ8ez_7y2eUj-Lg'}]","[{'type': 'rich_text', 'block_id': 'RVxy', 'elements': [{'type': 'rich_text_section', 'elements': [{'type': 'link', 'url': 'https://open.spotify.com/album/3eWQoEXNDLkfUadLYhdzEV?si=r2n4Ax_YQ8ez_7y2eUj-Lg'}]}]}]",,,,,,,,,,,,,,,,,,,music
message,,1620989473.0104,U01RRV4JX6Z,<@U01RW140HBP> you might like this one <https://www.youtube.com/watch?v=dldKppY1Lj0>,6d27f81e-6e4f-407a-9e09-0183eaff80d3,T01RBRV5F7H,T01RBRV5F7H,T01RBRV5F7H,"{'avatar_hash': '339c4d69b7d9', 'image_72': 'https://avatars.slack-edge.com/2021-04-14/1961122781618_339c4d69b7d9fe16343a_72.jpg', 'first_name': '', 'real_name': 'Francisco Ebeling', 'display_name': 'Francisco Ebeling', 'team': 'T01RBRV5F7H', 'name': 'ebelingbarros', 'is_restricted': False, 'is_ultra_restricted': False}","[{'service_name': 'YouTube', 'service_url': 'https://www.youtube.com/', 'title': 'Afrocubism - Afrocubism (Full Album)', 'title_link': 'https://www.youtube.com/watch?v=dldKppY1Lj0', 'author_name': 'World Circuit Records', 'author_link': 'https://www.youtube.com/c/WorldCircuitRecords', 'thumb_url': 'https://i.ytimg.com/vi/dldKppY1Lj0/hqdefault.jpg', 'thumb_width': 480, 'thumb_height': 360, 'fallback': 'YouTube Video: Afrocubism - Afrocubism (Full Album)', 'video_html': '<iframe width=""400"" height=""225"" src=""https://www.youtube.com/embed/dldKppY1Lj0?feature=oembed&autoplay=1&iv_load_policy=3"" frameborder=""0"" allow=""accelerometer; autoplay; clipboard-write; encrypted-media; gyroscope; picture-in-picture"" allowfullscreen></iframe>', 'video_html_width': 400, 'video_html_height': 225, 'from_url': 'https://www.youtube.com/watch?v=dldKppY1Lj0', 'service_icon': 'https://a.slack-edge.com/80588/img/unfurl_icons/youtube.png', 'id': 1, 'original_url': 'https://www.youtube.com/watch?v=dldKppY1Lj0'}]","[{'type': 'rich_text', 'block_id': 'IwW7x', 'elements': [{'type': 'rich_text_section', 'elements': [{'type': 'user', 'user_id': 'U01RW140HBP'}, {'type': 'text', 'text': ' you might like this one '}, {'type': 'link', 'url': 'https://www.youtube.com/watch?v=dldKppY1Lj0'}]}]}]",,"[{'name': 'pray', 'users': ['U01RW140HBP'], 'count': 1}]",1620989473.0104,1.0,1.0,1620989586.0106,['U01RRV4JX6Z'],"[{'user': 'U01RRV4JX6Z', 'ts': '1620989586.010600'}]",0.0,0.0,,,,,,,,,music
message,,1620989586.0106,U01RRV4JX6Z,"<@U01RVSTNRRT>, i am big fan of music from Mali. Do you know if there is an influence of music from Nigeria on music from Mali or vice versa?",fb386e31-4626-47a3-8ece-45f4f932fe54,T01RBRV5F7H,T01RBRV5F7H,T01RBRV5F7H,"{'avatar_hash': '339c4d69b7d9', 'image_72': 'https://avatars.slack-edge.com/2021-04-14/1961122781618_339c4d69b7d9fe16343a_72.jpg', 'first_name': '', 'real_name': 'Francisco Ebeling', 'display_name': 'Francisco Ebeling', 'team': 'T01RBRV5F7H', 'name': 'ebelingbarros', 'is_restricted': False, 'is_ultra_restricted': False}",,"[{'type': 'rich_text', 'block_id': 'TGqn', 'elements': [{'type': 'rich_text_section', 'elements': [{'type': 'user', 'user_id': 'U01RVSTNRRT'}, {'type': 'text', 'text': ', i am big fan of music from Mali. Do you know if there is an influence of music from Nigeria on music from Mali or vice versa?'}]}]}]",,,1620989473.0104,,,,,,,,,U01RRV4JX6Z,,,,,,,music
message,,1620989939.011,U01RRV4JX6Z,"Fatoumata Diawara, she's awesome: <https://www.youtube.com/watch?v=wnIuewiR-1Q&amp;list=PLetv3SCC-r3YFYYCpNmQXv7bC561HnDac>",1504aa70-6207-42c7-a411-88aef219711b,T01RBRV5F7H,T01RBRV5F7H,T01RBRV5F7H,"{'avatar_hash': '339c4d69b7d9', 'image_72': 'https://avatars.slack-edge.com/2021-04-14/1961122781618_339c4d69b7d9fe16343a_72.jpg', 'first_name': '', 'real_name': 'Francisco Ebeling', 'display_name': 'Francisco Ebeling', 'team': 'T01RBRV5F7H', 'name': 'ebelingbarros', 'is_restricted': False, 'is_ultra_restricted': False}","[{'service_name': 'YouTube', 'service_url': 'https://www.youtube.com/', 'title': 'Fatoumata Diawara - Bissa (Official Audio)', 'title_link': 'https://www.youtube.com/watch?v=wnIuewiR-1Q', 'author_name': 'World Circuit Records', 'author_link': 'https://www.youtube.com/c/WorldCircuitRecords', 'thumb_url': 'https://i.ytimg.com/vi/wnIuewiR-1Q/hqdefault.jpg', 'thumb_width': 480, 'thumb_height': 360, 'fallback': 'YouTube Video: Fatoumata Diawara - Bissa (Official Audio)', 'video_html': '<iframe width=""400"" height=""225"" src=""https://www.youtube.com/embed/wnIuewiR-1Q?feature=oembed&autoplay=1&iv_load_policy=3"" frameborder=""0"" allow=""accelerometer; autoplay; clipboard-write; encrypted-media; gyroscope; picture-in-picture"" allowfullscreen></iframe>', 'video_html_width': 400, 'video_html_height': 225, 'from_url': 'https://www.youtube.com/watch?v=wnIuewiR-1Q', 'service_icon': 'https://a.slack-edge.com/80588/img/unfurl_icons/youtube.png', 'id': 1, 'original_url': 'https://www.youtube.com/watch?v=wnIuewiR-1Q&amp;list=PLetv3SCC-r3YFYYCpNmQXv7bC561HnDac'}]","[{'type': 'rich_text', 'block_id': 'HYOt=', 'elements': [{'type': 'rich_text_section', 'elements': [{'type': 'text', 'text': ""Fatoumata Diawara, she's awesome: ""}, {'type': 'link', 'url': 'https://www.youtube.com/watch?v=wnIuewiR-1Q&list=PLetv3SCC-r3YFYYCpNmQXv7bC561HnDac'}]}]}]",,,1620989939.011,13.0,3.0,1620995326.014,"['U01S1CWGTU4', 'U01RW140HBP', 'U01RRV4JX6Z']","[{'user': 'U01S1CWGTU4', 'ts': '1620990748.011600'}, {'user': 'U01RW140HBP', 'ts': '1620991804.011800'}, {'user': 'U01RW140HBP', 'ts': '1620991863.012000'}, {'user': 'U01RRV4JX6Z', 'ts': '1620992790.012200'}, {'user': 'U01RRV4JX6Z', 'ts': '1620992857.012400'}, {'user': 'U01RW140HBP', 'ts': '1620993037.012600'}, {'user': 'U01RRV4JX6Z', 'ts': '1620993180.012800'}, {'user': 'U01RW140HBP', 'ts': '1620993273.013000'}, {'user': 'U01RW140HBP', 'ts': '1620993368.013200'}, {'user': 'U01RRV4JX6Z', 'ts': '1620993494.013400'}, {'user': 'U01RW140HBP', 'ts': '1620993528.013600'}, {'user': 'U01S1CWGTU4', 'ts': '1620994966.013800'}, {'user': 'U01RW140HBP', 'ts': '1620995326.014000'}]",0.0,0.0,,,,,,,,,music
message,,1620989968.0112,U01S1CWGTU4,"<https://www.youtube.com/watch?v=fGwPjLfTuk4> I love this guy from brasil, not just because he is playing an argentinean song hahaha .... he is great!",10882edb-cedb-4e51-962a-1c3d66475ae9,T01RBRV5F7H,T01RBRV5F7H,T01RBRV5F7H,"{'avatar_hash': '09076999792d', 'image_72': 'https://avatars.slack-edge.com/2021-03-21/1868032103895_09076999792d539af81c_72.png', 'first_name': '', 'real_name': 'Antonio Saleme Sastre', 'display_name': 'Antonio Saleme Sastre', 'team': 'T01RBRV5F7H', 'name': 'salemesastre', 'is_restricted': False, 'is_ultra_restricted': False}","[{'service_name': 'YouTube', 'service_url': 'https://www.youtube.com/', 'title': 'Yamandu toca Chacarera (La Pesada) Luís Salinas', 'title_link': 'https://www.youtube.com/watch?v=fGwPjLfTuk4', 'author_name': 'Yamandu Costa', 'author_link': 'https://www.youtube.com/c/yamandutube', 'thumb_url': 'https://i.ytimg.com/vi/fGwPjLfTuk4/hqdefault.jpg', 'thumb_width': 480, 'thumb_height': 360, 'fallback': 'YouTube Video: Yamandu toca Chacarera (La Pesada) Luís Salinas', 'video_html': '<iframe width=""400"" height=""225"" src=""https://www.youtube.com/embed/fGwPjLfTuk4?feature=oembed&autoplay=1&iv_load_policy=3"" frameborder=""0"" allow=""accelerometer; autoplay; clipboard-write; encrypted-media; gyroscope; picture-in-picture"" allowfullscreen></iframe>', 'video_html_width': 400, 'video_html_height': 225, 'from_url': 'https://www.youtube.com/watch?v=fGwPjLfTuk4', 'service_icon': 'https://a.slack-edge.com/80588/img/unfurl_icons/youtube.png', 'id': 1, 'original_url': 'https://www.youtube.com/watch?v=fGwPjLfTuk4'}]","[{'type': 'rich_text', 'block_id': 'Ti2WF', 'elements': [{'type': 'rich_text_section', 'elements': [{'type': 'link', 'url': 'https://www.youtube.com/watch?v=fGwPjLfTuk4'}, {'type': 'text', 'text': ' I love this guy from brasil, not just because he is playing an argentinean song hahaha .... he is great!'}]}]}]",,,1620988272.008,,,,,,,,,U01RRV4JX6Z,,,,,,,music
message,,1620990748.0116,U01S1CWGTU4,Wow!!!! :raised_hands:,c7c8dfd5-680d-4105-9fc2-4c4bfff4379c,T01RBRV5F7H,T01RBRV5F7H,T01RBRV5F7H,"{'avatar_hash': '09076999792d', 'image_72': 'https://avatars.slack-edge.com/2021-03-21/1868032103895_09076999792d539af81c_72.png', 'first_name': '', 'real_name': 'Antonio Saleme Sastre', 'display_name': 'Antonio Saleme Sastre', 'team': 'T01RBRV5F7H', 'name': 'salemesastre', 'is_restricted': False, 'is_ultra_restricted': False}",,"[{'type': 'rich_text', 'block_id': '9xcGN', 'elements': [{'type': 'rich_text_section', 'elements': [{'type': 'text', 'text': 'Wow!!!! '}, {'type': 'emoji', 'name': 'raised_hands'}]}]}]",,,1620989939.011,,,,,,,,,U01RRV4JX6Z,,,,,,,music
message,,1620991804.0118,U01RW140HBP,:heart: beautiful,348d844e-f83c-433f-a7b2-72857eff1c4c,T01RBRV5F7H,T01RBRV5F7H,T01RBRV5F7H,"{'avatar_hash': '4c43a3a8d10b', 'image_72': 'https://avatars.slack-edge.com/2021-03-21/1895736308209_4c43a3a8d10bc2fe5e13_72.png', 'first_name': 'siand', 'real_name': 'siand the LT (she/her)', 'display_name': 'siand the LT (she/her)', 'team': 'T01RBRV5F7H', 'name': 'sian.davies', 'is_restricted': False, 'is_ultra_restricted': False}",,"[{'type': 'rich_text', 'block_id': 'tY=', 'elements': [{'type': 'rich_text_section', 'elements': [{'type': 'emoji', 'name': 'heart'}, {'type': 'text', 'text': ' beautiful'}]}]}]",,,1620989939.011,,,,,,,,,U01RRV4JX6Z,,,,,,,music
message,,1620991863.012,U01RW140HBP,"this is not the first time in this course i have yearned to explore some countries in the continent of africa, but i guess now i should add Mali to the list :slightly_smiling_face:",3ab7474e-38df-4e9d-95b5-13a688062a48,T01RBRV5F7H,T01RBRV5F7H,T01RBRV5F7H,"{'avatar_hash': '4c43a3a8d10b', 'image_72': 'https://avatars.slack-edge.com/2021-03-21/1895736308209_4c43a3a8d10bc2fe5e13_72.png', 'first_name': 'siand', 'real_name': 'siand the LT (she/her)', 'display_name': 'siand the LT (she/her)', 'team': 'T01RBRV5F7H', 'name': 'sian.davies', 'is_restricted': False, 'is_ultra_restricted': False}",,"[{'type': 'rich_text', 'block_id': 'wzR', 'elements': [{'type': 'rich_text_section', 'elements': [{'type': 'text', 'text': 'this is not the first time in this course i have yearned to explore some countries in the continent of africa, but i guess now i should add Mali to the list '}, {'type': 'emoji', 'name': 'slightly_smiling_face'}]}]}]",,,1620989939.011,,,,,,,,,U01RRV4JX6Z,,,,,,,music
message,,1620992790.0122,U01RRV4JX6Z,"I always wanted to go to Mali for the music and also their fabulous ancient culture (Timbuktu), but unfortunately they are amidst a terrible war, I think",8b5fb8ee-e3ba-4e99-a99f-206cad6ac876,T01RBRV5F7H,T01RBRV5F7H,T01RBRV5F7H,"{'avatar_hash': '339c4d69b7d9', 'image_72': 'https://avatars.slack-edge.com/2021-04-14/1961122781618_339c4d69b7d9fe16343a_72.jpg', 'first_name': '', 'real_name': 'Francisco Ebeling', 'display_name': 'Francisco Ebeling', 'team': 'T01RBRV5F7H', 'name': 'ebelingbarros', 'is_restricted': False, 'is_ultra_restricted': False}",,"[{'type': 'rich_text', 'block_id': 'WB5', 'elements': [{'type': 'rich_text_section', 'elements': [{'type': 'text', 'text': 'I always wanted to go to Mali for the music and also their fabulous ancient culture (Timbuktu), but unfortunately they are amidst a terrible war, I think'}]}]}]",,,1620989939.011,,,,,,,,,U01RRV4JX6Z,,,,,,,music
message,,1620992857.0124,U01RRV4JX6Z,Next to my house there is a bookshop called Timbooktu,4d7b5924-c34b-47a5-ae27-b1140e74b7c9,T01RBRV5F7H,T01RBRV5F7H,T01RBRV5F7H,"{'avatar_hash': '339c4d69b7d9', 'image_72': 'https://avatars.slack-edge.com/2021-04-14/1961122781618_339c4d69b7d9fe16343a_72.jpg', 'first_name': '', 'real_name': 'Francisco Ebeling', 'display_name': 'Francisco Ebeling', 'team': 'T01RBRV5F7H', 'name': 'ebelingbarros', 'is_restricted': False, 'is_ultra_restricted': False}",,"[{'type': 'rich_text', 'block_id': 'Ew=el', 'elements': [{'type': 'rich_text_section', 'elements': [{'type': 'text', 'text': 'Next to my house there is a bookshop called Timbooktu'}]}]}]",,,1620989939.011,,,,,,,,,U01RRV4JX6Z,,,,,,,music
message,,1620993037.0126,U01RW140HBP,"i didnt know there was a war going on :disappointed:
great news about the bookshop though - can you take a photo next time youre passing? i love book shops",adfe2da1-c7ca-48cc-8264-b253445cc16e,T01RBRV5F7H,T01RBRV5F7H,T01RBRV5F7H,"{'avatar_hash': '4c43a3a8d10b', 'image_72': 'https://avatars.slack-edge.com/2021-03-21/1895736308209_4c43a3a8d10bc2fe5e13_72.png', 'first_name': 'siand', 'real_name': 'siand the LT (she/her)', 'display_name': 'siand the LT (she/her)', 'team': 'T01RBRV5F7H', 'name': 'sian.davies', 'is_restricted': False, 'is_ultra_restricted': False}",,"[{'type': 'rich_text', 'block_id': 'd4cMo', 'elements': [{'type': 'rich_text_section', 'elements': [{'type': 'text', 'text': 'i didnt know there was a war going on '}, {'type': 'emoji', 'name': 'disappointed'}, {'type': 'text', 'text': '\ngreat news about the bookshop though - can you take a photo next time youre passing? i love book shops'}]}]}]",,,1620989939.011,,,,,,,,,U01RRV4JX6Z,,,,,,,music
message,,1620993180.0128,U01RRV4JX6Z,"Me too! Have you been to ""Curious Fox"" when here in Berlin?",eba80bf5-33ad-4ad1-b834-da4144202ed3,T01RBRV5F7H,T01RBRV5F7H,T01RBRV5F7H,"{'avatar_hash': '339c4d69b7d9', 'image_72': 'https://avatars.slack-edge.com/2021-04-14/1961122781618_339c4d69b7d9fe16343a_72.jpg', 'first_name': '', 'real_name': 'Francisco Ebeling', 'display_name': 'Francisco Ebeling', 'team': 'T01RBRV5F7H', 'name': 'ebelingbarros', 'is_restricted': False, 'is_ultra_restricted': False}",,"[{'type': 'rich_text', 'block_id': 'O113s', 'elements': [{'type': 'rich_text_section', 'elements': [{'type': 'text', 'text': 'Me too! Have you been to ""Curious Fox"" when here in Berlin?'}]}]}]",,,1620989939.011,,,,,,,,,U01RRV4JX6Z,,,,,,,music
message,,1620993273.013,U01RW140HBP,i did! my first airbnb  in berlin was not too far from there,95b3d9d9-2f5b-4a47-968a-c3071c3e6d00,T01RBRV5F7H,T01RBRV5F7H,T01RBRV5F7H,"{'avatar_hash': '4c43a3a8d10b', 'image_72': 'https://avatars.slack-edge.com/2021-03-21/1895736308209_4c43a3a8d10bc2fe5e13_72.png', 'first_name': 'siand', 'real_name': 'siand the LT (she/her)', 'display_name': 'siand the LT (she/her)', 'team': 'T01RBRV5F7H', 'name': 'sian.davies', 'is_restricted': False, 'is_ultra_restricted': False}",,"[{'type': 'rich_text', 'block_id': '0OQ=V', 'elements': [{'type': 'rich_text_section', 'elements': [{'type': 'text', 'text': 'i did! my first airbnb  in berlin was not too far from there'}]}]}]",,,1620989939.011,,,,,,,,,U01RRV4JX6Z,,,,,,,music
message,,1620993368.0132,U01RW140HBP,im heading to hay on wye during my break between bootcamps … it has 1500 people and 20+ bookshops :slightly_smiling_face:,43ce8462-b91a-40c6-8f06-89c9d89fb9d4,T01RBRV5F7H,T01RBRV5F7H,T01RBRV5F7H,"{'avatar_hash': '4c43a3a8d10b', 'image_72': 'https://avatars.slack-edge.com/2021-03-21/1895736308209_4c43a3a8d10bc2fe5e13_72.png', 'first_name': 'siand', 'real_name': 'siand the LT (she/her)', 'display_name': 'siand the LT (she/her)', 'team': 'T01RBRV5F7H', 'name': 'sian.davies', 'is_restricted': False, 'is_ultra_restricted': False}",,"[{'type': 'rich_text', 'block_id': 'aQce', 'elements': [{'type': 'rich_text_section', 'elements': [{'type': 'text', 'text': 'im heading to hay on wye during my break between bootcamps … it has 1500 people and 20+ bookshops '}, {'type': 'emoji', 'name': 'slightly_smiling_face'}]}]}]",,,1620989939.011,,,,,,,,,U01RRV4JX6Z,,,,,,,music
message,,1620993494.0134,U01RRV4JX6Z,"Amazing! Buenos Aires is another paradise what regards bookshops per capita, right <@U01S1CWGTU4> ?",b6ddb145-5a8b-446c-9c16-6ffb66afd165,T01RBRV5F7H,T01RBRV5F7H,T01RBRV5F7H,"{'avatar_hash': '339c4d69b7d9', 'image_72': 'https://avatars.slack-edge.com/2021-04-14/1961122781618_339c4d69b7d9fe16343a_72.jpg', 'first_name': '', 'real_name': 'Francisco Ebeling', 'display_name': 'Francisco Ebeling', 'team': 'T01RBRV5F7H', 'name': 'ebelingbarros', 'is_restricted': False, 'is_ultra_restricted': False}",,"[{'type': 'rich_text', 'block_id': 'BwM', 'elements': [{'type': 'rich_text_section', 'elements': [{'type': 'text', 'text': 'Amazing! Buenos Aires is another paradise what regards bookshops per capita, right '}, {'type': 'user', 'user_id': 'U01S1CWGTU4'}, {'type': 'text', 'text': ' ?'}]}]}]",,,1620989939.011,,,,,,,,,U01RRV4JX6Z,,,,,,,music
message,,1620993528.0136,U01RW140HBP,cool !,96c2a6b2-fffd-4ff3-8fc3-0268737fd1b9,T01RBRV5F7H,T01RBRV5F7H,T01RBRV5F7H,"{'avatar_hash': '4c43a3a8d10b', 'image_72': 'https://avatars.slack-edge.com/2021-03-21/1895736308209_4c43a3a8d10bc2fe5e13_72.png', 'first_name': 'siand', 'real_name': 'siand the LT (she/her)', 'display_name': 'siand the LT (she/her)', 'team': 'T01RBRV5F7H', 'name': 'sian.davies', 'is_restricted': False, 'is_ultra_restricted': False}",,"[{'type': 'rich_text', 'block_id': 'VV3O', 'elements': [{'type': 'rich_text_section', 'elements': [{'type': 'text', 'text': 'cool !'}]}]}]",,,1620989939.011,,,,,,,,,U01RRV4JX6Z,,,,,,,music
message,,1620994966.0138,U01S1CWGTU4,I think so. There is a beautiful one in a ex theater,,,,,,,"[{'type': 'rich_text', 'block_id': 'vLHBg', 'elements': [{'type': 'rich_text_section', 'elements': [{'type': 'text', 'text': 'I think so. There is a beautiful one in a ex theater'}]}]}]",,,1620989939.011,,,,,,,,,U01RRV4JX6Z,"[{'id': 'F021UMUHZ61', 'created': 1620994946, 'timestamp': 1620994946, 'name': 'ateneo.jpeg', 'title': 'ateneo.jpeg', 'mimetype': 'image/jpeg', 'filetype': 'jpg', 'pretty_type': 'JPEG', 'user': 'U01S1CWGTU4', 'editable': False, 'size': 424046, 'mode': 'hosted', 'is_external': False, 'external_type': '', 'is_public': True, 'public_url_shared': False, 'display_as_bot': False, 'username': '', 'url_private': 'https://files.slack.com/files-pri/T01RBRV5F7H-F021UMUHZ61/ateneo.jpeg?t=xoxe-1861879185255-2068564688150-2068564727718-519dfbdd8f50e154f7dac1ab76bfc0d2', 'url_private_download': 'https://files.slack.com/files-pri/T01RBRV5F7H-F021UMUHZ61/download/ateneo.jpeg?t=xoxe-1861879185255-2068564688150-2068564727718-519dfbdd8f50e154f7dac1ab76bfc0d2', 'thumb_64': 'https://files.slack.com/files-tmb/T01RBRV5F7H-F021UMUHZ61-430fcef9f6/ateneo_64.jpg?t=xoxe-1861879185255-2068564688150-2068564727718-519dfbdd8f50e154f7dac1ab76bfc0d2', 'thumb_80': 'https://files.slack.com/files-tmb/T01RBRV5F7H-F021UMUHZ61-430fcef9f6/ateneo_80.jpg?t=xoxe-1861879185255-2068564688150-2068564727718-519dfbdd8f50e154f7dac1ab76bfc0d2', 'thumb_360': 'https://files.slack.com/files-tmb/T01RBRV5F7H-F021UMUHZ61-430fcef9f6/ateneo_360.jpg?t=xoxe-1861879185255-2068564688150-2068564727718-519dfbdd8f50e154f7dac1ab76bfc0d2', 'thumb_360_w': 360, 'thumb_360_h': 241, 'thumb_480': 'https://files.slack.com/files-tmb/T01RBRV5F7H-F021UMUHZ61-430fcef9f6/ateneo_480.jpg?t=xoxe-1861879185255-2068564688150-2068564727718-519dfbdd8f50e154f7dac1ab76bfc0d2', 'thumb_480_w': 480, 'thumb_480_h': 321, 'thumb_160': 'https://files.slack.com/files-tmb/T01RBRV5F7H-F021UMUHZ61-430fcef9f6/ateneo_160.jpg?t=xoxe-1861879185255-2068564688150-2068564727718-519dfbdd8f50e154f7dac1ab76bfc0d2', 'thumb_720': 'https://files.slack.com/files-tmb/T01RBRV5F7H-F021UMUHZ61-430fcef9f6/ateneo_720.jpg?t=xoxe-1861879185255-2068564688150-2068564727718-519dfbdd8f50e154f7dac1ab76bfc0d2', 'thumb_720_w': 720, 'thumb_720_h': 482, 'thumb_800': 'https://files.slack.com/files-tmb/T01RBRV5F7H-F021UMUHZ61-430fcef9f6/ateneo_800.jpg?t=xoxe-1861879185255-2068564688150-2068564727718-519dfbdd8f50e154f7dac1ab76bfc0d2', 'thumb_800_w': 800, 'thumb_800_h': 536, 'thumb_960': 'https://files.slack.com/files-tmb/T01RBRV5F7H-F021UMUHZ61-430fcef9f6/ateneo_960.jpg?t=xoxe-1861879185255-2068564688150-2068564727718-519dfbdd8f50e154f7dac1ab76bfc0d2', 'thumb_960_w': 960, 'thumb_960_h': 643, 'original_w': 1023, 'original_h': 685, 'thumb_tiny': 'AwAgADCoY8HBU0oQHqCKsAknjn8aTIJ5JI747Vnc0ICqAdaAqYyCfzpJ1ycqpAwOaWBQCd6nBHFHS4dQMYz0JoWMlhhTU+eW5PoAe9I7HIB/nwaAEDZOOQB6UjvgdsA5xSROCOOtMmIJBGc9waEgbJfKkkjBJAB6D1prxvGgbO5fantcjCFQM+hppuP9HYHGWpiuIpyo/uHmgnAZabDwOCfwFErAsaLDP//Z', 'permalink': 'https://data-ft-ber-03-2021.slack.com/files/U01S1CWGTU4/F021UMUHZ61/ateneo.jpeg', 'permalink_public': 'https://slack-files.com/T01RBRV5F7H-F021UMUHZ61-dc81d89c17', 'is_starred': False, 'has_rich_preview': False}]",0.0,0.0,,,,music
message,,1620995326.014,U01RW140HBP,wowsers !!,995487aa-2761-4ec6-afb0-2c408e9c664c,T01RBRV5F7H,T01RBRV5F7H,T01RBRV5F7H,"{'avatar_hash': '4c43a3a8d10b', 'image_72': 'https://avatars.slack-edge.com/2021-03-21/1895736308209_4c43a3a8d10bc2fe5e13_72.png', 'first_name': 'siand', 'real_name': 'siand the LT (she/her)', 'display_name': 'siand the LT (she/her)', 'team': 'T01RBRV5F7H', 'name': 'sian.davies', 'is_restricted': False, 'is_ultra_restricted': False}",,"[{'type': 'rich_text', 'block_id': 'dymA', 'elements': [{'type': 'rich_text_section', 'elements': [{'type': 'text', 'text': 'wowsers !!'}]}]}]",,,1620989939.011,,,,,,,,,U01RRV4JX6Z,,,,,,,music
message,,1620998012.0142,U01S7KCL3DF,<@U01S1CWGTU4> you and the epitome of PASIÓN/PAIXĀO to all of us :boludo:,e05afb9d-a678-4c51-b68a-8c301c0d8d51,T01RBRV5F7H,T01RBRV5F7H,T01RBRV5F7H,"{'avatar_hash': '17b52091bb62', 'image_72': 'https://avatars.slack-edge.com/2021-03-19/1875964347925_17b52091bb62c2340b4c_72.png', 'first_name': 'Sam', 'real_name': 'Sam Katterfield', 'display_name': 'Sam', 'team': 'T01RBRV5F7H', 'name': 'samkatterfield', 'is_restricted': False, 'is_ultra_restricted': False}",,"[{'type': 'rich_text', 'block_id': 'bf7', 'elements': [{'type': 'rich_text_section', 'elements': [{'type': 'user', 'user_id': 'U01S1CWGTU4'}, {'type': 'text', 'text': ' you and the epitome of PASIÓN/PAIXĀO to all of us '}, {'type': 'emoji', 'name': 'boludo'}]}]}]",,"[{'name': 'rolling_on_the_floor_laughing', 'users': ['U01S1CWGTU4'], 'count': 1}]",1620988272.008,,,,,,,,,U01RRV4JX6Z,,,,,,,music
message,,1620998153.0144,U01S7KCL3DF,"some of the greatest brazilian/argentinean crossovers I’ve seen outside of a Skol ad

<https://www.youtube.com/watch?v=9Q7aHfan3A0&amp;ab_channel=fnazcasp>",b33521be-114d-4975-9459-a6e0ddd3250a,T01RBRV5F7H,T01RBRV5F7H,T01RBRV5F7H,"{'avatar_hash': '17b52091bb62', 'image_72': 'https://avatars.slack-edge.com/2021-03-19/1875964347925_17b52091bb62c2340b4c_72.png', 'first_name': 'Sam', 'real_name': 'Sam Katterfield', 'display_name': 'Sam', 'team': 'T01RBRV5F7H', 'name': 'samkatterfield', 'is_restricted': False, 'is_ultra_restricted': False}","[{'service_name': 'YouTube', 'service_url': 'https://www.youtube.com/', 'title': 'Skol - Argentinos do Samba', 'title_link': 'https://www.youtube.com/watch?v=9Q7aHfan3A0&amp;ab_channel=fnazcasp', 'author_name': 'fnazcasp', 'author_link': 'https://www.youtube.com/user/fnazcasp', 'thumb_url': 'https://i.ytimg.com/vi/9Q7aHfan3A0/hqdefault.jpg', 'thumb_width': 480, 'thumb_height': 360, 'fallback': 'YouTube Video: Skol - Argentinos do Samba', 'video_html': '<iframe width=""400"" height=""300"" src=""https://www.youtube.com/embed/9Q7aHfan3A0?feature=oembed&autoplay=1&iv_load_policy=3"" frameborder=""0"" allow=""accelerometer; autoplay; clipboard-write; encrypted-media; gyroscope; picture-in-picture"" allowfullscreen></iframe>', 'video_html_width': 400, 'video_html_height': 300, 'from_url': 'https://www.youtube.com/watch?v=9Q7aHfan3A0&amp;ab_channel=fnazcasp', 'service_icon': 'https://a.slack-edge.com/80588/img/unfurl_icons/youtube.png', 'id': 1, 'original_url': 'https://www.youtube.com/watch?v=9Q7aHfan3A0&amp;ab_channel=fnazcasp'}]","[{'type': 'rich_text', 'block_id': 'm=O4J', 'elements': [{'type': 'rich_text_section', 'elements': [{'type': 'text', 'text': 'some of the greatest brazilian/argentinean crossovers I’ve seen outside of a Skol ad\n\n'}, {'type': 'link', 'url': 'https://www.youtube.com/watch?v=9Q7aHfan3A0&ab_channel=fnazcasp'}]}]}]",,"[{'name': 'joy', 'users': ['U01RRV4JX6Z'], 'count': 1}]",1620988272.008,,,,,,,,,U01RRV4JX6Z,,,,,,,music
message,,1620999682.0148,U01S1CWGTU4,hahahahhahaha,8d75d604-a601-4202-b06f-c0ca33308630,T01RBRV5F7H,T01RBRV5F7H,T01RBRV5F7H,"{'avatar_hash': '09076999792d', 'image_72': 'https://avatars.slack-edge.com/2021-03-21/1868032103895_09076999792d539af81c_72.png', 'first_name': '', 'real_name': 'Antonio Saleme Sastre', 'display_name': 'Antonio Saleme Sastre', 'team': 'T01RBRV5F7H', 'name': 'salemesastre', 'is_restricted': False, 'is_ultra_restricted': False}",,"[{'type': 'rich_text', 'block_id': '3qtT5', 'elements': [{'type': 'rich_text_section', 'elements': [{'type': 'text', 'text': 'hahahahhahaha'}]}]}]",,,1620988272.008,,,,,,,,,U01RRV4JX6Z,,,,,,,music
message,,1621000014.015,U01S7KCL3DF,now i havent had a haircut in so long i’m starting to look Argentino :ok_hand:,0d0b9ce0-8b2d-42a4-9120-6183cb4b22d4,T01RBRV5F7H,T01RBRV5F7H,T01RBRV5F7H,"{'avatar_hash': '17b52091bb62', 'image_72': 'https://avatars.slack-edge.com/2021-03-19/1875964347925_17b52091bb62c2340b4c_72.png', 'first_name': 'Sam', 'real_name': 'Sam Katterfield', 'display_name': 'Sam', 'team': 'T01RBRV5F7H', 'name': 'samkatterfield', 'is_restricted': False, 'is_ultra_restricted': False}",,"[{'type': 'rich_text', 'block_id': 'U9d', 'elements': [{'type': 'rich_text_section', 'elements': [{'type': 'text', 'text': 'now i havent had a haircut in so long i’m starting to look Argentino '}, {'type': 'emoji', 'name': 'ok_hand'}]}]}]",,,1620988272.008,,,,,,,,,U01RRV4JX6Z,,,,,,,music
message,,1621000183.0153,U01RRV4JX6Z,<https://www.youtube.com/watch?v=JG2rdC-nDAA>,d2a94f6d-7699-4bfc-b37e-3af2b99c5783,T01RBRV5F7H,T01RBRV5F7H,T01RBRV5F7H,"{'avatar_hash': '339c4d69b7d9', 'image_72': 'https://avatars.slack-edge.com/2021-04-14/1961122781618_339c4d69b7d9fe16343a_72.jpg', 'first_name': '', 'real_name': 'Francisco Ebeling', 'display_name': 'Francisco Ebeling', 'team': 'T01RBRV5F7H', 'name': 'ebelingbarros', 'is_restricted': False, 'is_ultra_restricted': False}","[{'service_name': 'YouTube', 'service_url': 'https://www.youtube.com/', 'title': 'Comercial Conti Bier - Brasil x Argentina', 'title_link': 'https://www.youtube.com/watch?v=JG2rdC-nDAA', 'author_name': 'Blog da Propaganda', 'author_link': 'https://www.youtube.com/c/PropagandaBlogBr', 'thumb_url': 'https://i.ytimg.com/vi/JG2rdC-nDAA/hqdefault.jpg', 'thumb_width': 480, 'thumb_height': 360, 'fallback': 'YouTube Video: Comercial Conti Bier - Brasil x Argentina', 'video_html': '<iframe width=""400"" height=""225"" src=""https://www.youtube.com/embed/JG2rdC-nDAA?feature=oembed&autoplay=1&iv_load_policy=3"" frameborder=""0"" allow=""accelerometer; autoplay; clipboard-write; encrypted-media; gyroscope; picture-in-picture"" allowfullscreen></iframe>', 'video_html_width': 400, 'video_html_height': 225, 'from_url': 'https://www.youtube.com/watch?v=JG2rdC-nDAA', 'service_icon': 'https://a.slack-edge.com/80588/img/unfurl_icons/youtube.png', 'id': 1, 'original_url': 'https://www.youtube.com/watch?v=JG2rdC-nDAA'}]","[{'type': 'rich_text', 'block_id': 'mIe', 'elements': [{'type': 'rich_text_section', 'elements': [{'type': 'link', 'url': 'https://www.youtube.com/watch?v=JG2rdC-nDAA'}]}]}]",,,1620988272.008,,,,,,,,,U01RRV4JX6Z,,,,,,,music
message,,1621000863.0156,U01S1CWGTU4,hahahahahaa es muy buena!!,ae5065f5-8a5c-467b-b500-be9c8f6296ed,T01RBRV5F7H,T01RBRV5F7H,T01RBRV5F7H,"{'avatar_hash': '09076999792d', 'image_72': 'https://avatars.slack-edge.com/2021-03-21/1868032103895_09076999792d539af81c_72.png', 'first_name': '', 'real_name': 'Antonio Saleme Sastre', 'display_name': 'Antonio Saleme Sastre', 'team': 'T01RBRV5F7H', 'name': 'salemesastre', 'is_restricted': False, 'is_ultra_restricted': False}",,"[{'type': 'rich_text', 'block_id': 'UXIb', 'elements': [{'type': 'rich_text_section', 'elements': [{'type': 'text', 'text': 'hahahahahaa es muy buena!!'}]}]}]",,,1620988272.008,,,,,,,,,U01RRV4JX6Z,,,,,,,music
message,,1621001481.016,U01RRV4JX6Z,An amazing song from one of my favorite movies... <https://www.youtube.com/watch?v=rVoPzA0g3Ac>,275f326e-a04f-47d1-9815-9e81d78dca7a,T01RBRV5F7H,T01RBRV5F7H,T01RBRV5F7H,"{'avatar_hash': '339c4d69b7d9', 'image_72': 'https://avatars.slack-edge.com/2021-04-14/1961122781618_339c4d69b7d9fe16343a_72.jpg', 'first_name': '', 'real_name': 'Francisco Ebeling', 'display_name': 'Francisco Ebeling', 'team': 'T01RBRV5F7H', 'name': 'ebelingbarros', 'is_restricted': False, 'is_ultra_restricted': False}","[{'service_name': 'YouTube', 'service_url': 'https://www.youtube.com/', 'title': 'Talking Heads / David Byrne - This Must Be The Place (Naive Melody)', 'title_link': 'https://www.youtube.com/watch?v=rVoPzA0g3Ac', 'author_name': 'Kilgore Trout', 'author_link': 'https://www.youtube.com/user/merkakkis', 'thumb_url': 'https://i.ytimg.com/vi/rVoPzA0g3Ac/hqdefault.jpg', 'thumb_width': 480, 'thumb_height': 360, 'fallback': 'YouTube Video: Talking Heads / David Byrne - This Must Be The Place (Naive Melody)', 'video_html': '<iframe width=""400"" height=""225"" src=""https://www.youtube.com/embed/rVoPzA0g3Ac?feature=oembed&autoplay=1&iv_load_policy=3"" frameborder=""0"" allow=""accelerometer; autoplay; clipboard-write; encrypted-media; gyroscope; picture-in-picture"" allowfullscreen></iframe>', 'video_html_width': 400, 'video_html_height': 225, 'from_url': 'https://www.youtube.com/watch?v=rVoPzA0g3Ac', 'service_icon': 'https://a.slack-edge.com/80588/img/unfurl_icons/youtube.png', 'id': 1, 'original_url': 'https://www.youtube.com/watch?v=rVoPzA0g3Ac'}]","[{'type': 'rich_text', 'block_id': 'yzk', 'elements': [{'type': 'rich_text_section', 'elements': [{'type': 'text', 'text': 'An amazing song from one of my favorite movies... '}, {'type': 'link', 'url': 'https://www.youtube.com/watch?v=rVoPzA0g3Ac'}]}]}]",,,,,,,,,,,,,,,,,,,music
message,,1621003335.0162,U01S7KCL3DF,you talkin bout the propaganda or something else :boludo:,42eb9046-4373-46ca-bb34-dce47866ed56,T01RBRV5F7H,T01RBRV5F7H,T01RBRV5F7H,"{'avatar_hash': '17b52091bb62', 'image_72': 'https://avatars.slack-edge.com/2021-03-19/1875964347925_17b52091bb62c2340b4c_72.png', 'first_name': 'Sam', 'real_name': 'Sam Katterfield', 'display_name': 'Sam', 'team': 'T01RBRV5F7H', 'name': 'samkatterfield', 'is_restricted': False, 'is_ultra_restricted': False}",,"[{'type': 'rich_text', 'block_id': 'jhlft', 'elements': [{'type': 'rich_text_section', 'elements': [{'type': 'text', 'text': 'you talkin bout the propaganda or something else '}, {'type': 'emoji', 'name': 'boludo'}]}]}]",,,1620988272.008,,,,,,,,,U01RRV4JX6Z,,,,,,,music
message,,1621008565.0165,U01RSRE0N3D,<https://www.youtube.com/watch?v=1AnG04qnLqI>,0ca4d58b-0578-47af-99b7-838268ff1d27,T01RBRV5F7H,T01RBRV5F7H,T01RBRV5F7H,"{'avatar_hash': '5b0571ca5e6f', 'image_72': 'https://avatars.slack-edge.com/2021-03-18/1876877550179_5b0571ca5e6fe1f759fe_72.jpg', 'first_name': 'Kosta', 'real_name': 'Kosta', 'display_name': 'Kosta', 'team': 'T01RBRV5F7H', 'name': 'kostadin.mitkov', 'is_restricted': False, 'is_ultra_restricted': False}","[{'service_name': 'YouTube', 'service_url': 'https://www.youtube.com/', 'title': 'Mufasa- its friday then.', 'title_link': 'https://www.youtube.com/watch?v=1AnG04qnLqI', 'author_name': 'Nicholashki', 'author_link': 'https://www.youtube.com/channel/UCpJ9wxRuDnq1DxMDoKHrJlg', 'thumb_url': 'https://i.ytimg.com/vi/1AnG04qnLqI/hqdefault.jpg', 'thumb_width': 480, 'thumb_height': 360, 'fallback': 'YouTube Video: Mufasa- its friday then.', 'video_html': '<iframe width=""400"" height=""300"" src=""https://www.youtube.com/embed/1AnG04qnLqI?feature=oembed&autoplay=1&iv_load_policy=3"" frameborder=""0"" allow=""accelerometer; autoplay; clipboard-write; encrypted-media; gyroscope; picture-in-picture"" allowfullscreen></iframe>', 'video_html_width': 400, 'video_html_height': 300, 'from_url': 'https://www.youtube.com/watch?v=1AnG04qnLqI', 'service_icon': 'https://a.slack-edge.com/80588/img/unfurl_icons/youtube.png', 'id': 1, 'original_url': 'https://www.youtube.com/watch?v=1AnG04qnLqI'}]","[{'type': 'rich_text', 'block_id': 'T9r', 'elements': [{'type': 'rich_text_section', 'elements': [{'type': 'link', 'url': 'https://www.youtube.com/watch?v=1AnG04qnLqI'}]}]}]",,,,,,,,,,,,,,,,,,,music
message,,1621014322.0167,U01S1CWGTU4,about the propaganda of course :eyes:,a4232fe6-9e5d-45be-b20c-0c40bc0891e6,T01RBRV5F7H,T01RBRV5F7H,T01RBRV5F7H,"{'avatar_hash': '09076999792d', 'image_72': 'https://avatars.slack-edge.com/2021-03-21/1868032103895_09076999792d539af81c_72.png', 'first_name': '', 'real_name': 'Antonio Saleme Sastre', 'display_name': 'Antonio Saleme Sastre', 'team': 'T01RBRV5F7H', 'name': 'salemesastre', 'is_restricted': False, 'is_ultra_restricted': False}",,"[{'type': 'rich_text', 'block_id': 'aY7', 'elements': [{'type': 'rich_text_section', 'elements': [{'type': 'text', 'text': 'about the propaganda of course '}, {'type': 'emoji', 'name': 'eyes'}]}]}]",,,1620988272.008,,,,,,,,,U01RRV4JX6Z,,,,,,,music
message,,1618559742.0001,U01S7KCL3DF,u goin to the berlin show…if he’s still alive by then?,42dffb93-7564-4e9a-a401-f499fc6cce79,T01RBRV5F7H,T01RBRV5F7H,T01RBRV5F7H,"{'avatar_hash': '17b52091bb62', 'image_72': 'https://avatars.slack-edge.com/2021-03-19/1875964347925_17b52091bb62c2340b4c_72.png', 'first_name': 'Sam', 'real_name': 'Sam Katterfield', 'display_name': 'Sam', 'team': 'T01RBRV5F7H', 'name': 'samkatterfield', 'is_restricted': False, 'is_ultra_restricted': False}",,"[{'type': 'rich_text', 'block_id': 'z7Oo', 'elements': [{'type': 'rich_text_section', 'elements': [{'type': 'text', 'text': 'u goin to the berlin show…if he’s still alive by then?'}]}]}]",,,1618492671.0002,,,,,,,,,U01RW2X7S9Z,,,,,,,music
message,,1618563562.0004,U01RKN0EGDV,unexpected hahahhahha,e94517d5-8c90-419a-9cfc-1ec17a16514f,T01RBRV5F7H,T01RBRV5F7H,T01RBRV5F7H,"{'avatar_hash': 'abe46e9352ee', 'image_72': 'https://avatars.slack-edge.com/2021-03-24/1878427345639_abe46e9352ee26531094_72.jpg', 'first_name': 'Marian', 'real_name': 'Marian Moreno', 'display_name': 'Marian (she/her)', 'team': 'T01RBRV5F7H', 'name': 'marimor62', 'is_restricted': False, 'is_ultra_restricted': False}",,"[{'type': 'rich_text', 'block_id': 'cAyW', 'elements': [{'type': 'rich_text_section', 'elements': [{'type': 'text', 'text': 'unexpected hahahhahha'}]}]}]",,"[{'name': 'rolling_on_the_floor_laughing', 'users': ['U01S1CWGTU4'], 'count': 1}]",1618502712.0012,,,,,,,,,U01S1CWGTU4,,,,,,,music
message,,1618563904.0006,U01RW2X7S9Z,haha saw the posters but didnt plan to,eb87a9a2-de8d-4110-b0a3-e55da716e82f,T01RBRV5F7H,T01RBRV5F7H,T01RBRV5F7H,"{'avatar_hash': '7e12d75d168a', 'image_72': 'https://avatars.slack-edge.com/2021-03-19/1880105796643_7e12d75d168ae25c167d_72.jpg', 'first_name': 'Alexandre', 'real_name': 'Alexandre Sommerkamp', 'display_name': 'Alexandre Sommerkamp', 'team': 'T01RBRV5F7H', 'name': 'alex.c.skp', 'is_restricted': False, 'is_ultra_restricted': False}",,"[{'type': 'rich_text', 'block_id': 'DNLDL', 'elements': [{'type': 'rich_text_section', 'elements': [{'type': 'text', 'text': 'haha saw the posters but didnt plan to'}]}]}]",,,1618492671.0002,,,,,,,,,U01RW2X7S9Z,,,,,,,music
message,,1618563930.0008,U01RW2X7S9Z,id probably come out 90 bucks poorer and dissapointed,92756ea8-0040-423c-a610-187f95308af1,T01RBRV5F7H,T01RBRV5F7H,T01RBRV5F7H,"{'avatar_hash': '7e12d75d168a', 'image_72': 'https://avatars.slack-edge.com/2021-03-19/1880105796643_7e12d75d168ae25c167d_72.jpg', 'first_name': 'Alexandre', 'real_name': 'Alexandre Sommerkamp', 'display_name': 'Alexandre Sommerkamp', 'team': 'T01RBRV5F7H', 'name': 'alex.c.skp', 'is_restricted': False, 'is_ultra_restricted': False}",,"[{'type': 'rich_text', 'block_id': 'uZ7', 'elements': [{'type': 'rich_text_section', 'elements': [{'type': 'text', 'text': 'id probably come out 90 bucks poorer and dissapointed'}]}]}]",,,1618492671.0002,,,,,,,,,U01RW2X7S9Z,,,,,,,music
message,,1618569569.0012,U01S7KCL3DF,"I’m on the Y_train

<https://www.youtube.com/watch?v=-ctuNkG611U&amp;ab_channel=alugo14>",cb10b702-e180-4584-a8e8-29b838088c04,T01RBRV5F7H,T01RBRV5F7H,T01RBRV5F7H,"{'avatar_hash': '17b52091bb62', 'image_72': 'https://avatars.slack-edge.com/2021-03-19/1875964347925_17b52091bb62c2340b4c_72.png', 'first_name': 'Sam', 'real_name': 'Sam Katterfield', 'display_name': 'Sam', 'team': 'T01RBRV5F7H', 'name': 'samkatterfield', 'is_restricted': False, 'is_ultra_restricted': False}","[{'service_name': 'YouTube', 'service_url': 'https://www.youtube.com/', 'title': 'Guns N Roses - Nightrain (Appetite For Destruction)', 'title_link': 'https://www.youtube.com/watch?v=-ctuNkG611U&amp;ab_channel=alugo14', 'author_name': 'alugo 14', 'author_link': 'https://www.youtube.com/user/alugo14', 'thumb_url': 'https://i.ytimg.com/vi/-ctuNkG611U/hqdefault.jpg', 'thumb_width': 480, 'thumb_height': 360, 'fallback': 'YouTube Video: Guns N Roses - Nightrain (Appetite For Destruction)', 'video_html': '<iframe width=""400"" height=""300"" src=""https://www.youtube.com/embed/-ctuNkG611U?feature=oembed&autoplay=1&iv_load_policy=3"" frameborder=""0"" allow=""accelerometer; autoplay; clipboard-write; encrypted-media; gyroscope; picture-in-picture"" allowfullscreen></iframe>', 'video_html_width': 400, 'video_html_height': 300, 'from_url': 'https://www.youtube.com/watch?v=-ctuNkG611U&amp;ab_channel=alugo14', 'service_icon': 'https://a.slack-edge.com/80588/img/unfurl_icons/youtube.png', 'id': 1, 'original_url': 'https://www.youtube.com/watch?v=-ctuNkG611U&amp;ab_channel=alugo14'}]","[{'type': 'rich_text', 'block_id': '+MeY', 'elements': [{'type': 'rich_text_section', 'elements': [{'type': 'text', 'text': 'I’m on the Y_train\n\n'}, {'type': 'link', 'url': 'https://www.youtube.com/watch?v=-ctuNkG611U&ab_channel=alugo14'}]}]}]",,"[{'name': 'fast_parrot', 'users': ['U01S7BM4N81', 'U01S081EULS'], 'count': 2}]",,,,,,,,,,,,,,,,,music
message,,1618574618.0016,U01S7KCL3DF,Does sound like the name of a set you'd find on Soundcloud,f9d0b0d7-0a1b-4f15-b5c1-92904f27505f,T01RBRV5F7H,T01RBRV5F7H,T01RBRV5F7H,"{'avatar_hash': '17b52091bb62', 'image_72': 'https://avatars.slack-edge.com/2021-03-19/1875964347925_17b52091bb62c2340b4c_72.png', 'first_name': 'Sam', 'real_name': 'Sam Katterfield', 'display_name': 'Sam', 'team': 'T01RBRV5F7H', 'name': 'samkatterfield', 'is_restricted': False, 'is_ultra_restricted': False}",,"[{'type': 'rich_text', 'block_id': '5WIIy', 'elements': [{'type': 'rich_text_section', 'elements': [{'type': 'text', 'text': ""Does sound like the name of a set you'd find on Soundcloud""}]}]}]",,,1618393774.0005,,,,,,,,,U01S79YDELR,,,,,,,music
message,,1618576930.002,U01S7KCL3DF,"project diet <@U01RW2X7S9Z> :aaw_yeah:

<https://www.youtube.com/watch?v=A0UEVUbLpRA&amp;ab_channel=SajmoonPL>",31622e28-6e34-4ef5-bb2a-b38d37f0c3da,T01RBRV5F7H,T01RBRV5F7H,T01RBRV5F7H,"{'avatar_hash': '17b52091bb62', 'image_72': 'https://avatars.slack-edge.com/2021-03-19/1875964347925_17b52091bb62c2340b4c_72.png', 'first_name': 'Sam', 'real_name': 'Sam Katterfield', 'display_name': 'Sam', 'team': 'T01RBRV5F7H', 'name': 'samkatterfield', 'is_restricted': False, 'is_ultra_restricted': False}","[{'service_name': 'YouTube', 'service_url': 'https://www.youtube.com/', 'title': ""Beenie Man &amp; Fambo - I'm drinking Rum &amp; Red Bull"", 'title_link': 'https://www.youtube.com/watch?v=A0UEVUbLpRA&amp;ab_channel=SajmoonPL', 'author_name': 'SajmoonPL', 'author_link': 'https://www.youtube.com/user/SajmoonPL', 'thumb_url': 'https://i.ytimg.com/vi/A0UEVUbLpRA/hqdefault.jpg', 'thumb_width': 480, 'thumb_height': 360, 'fallback': ""YouTube Video: Beenie Man & Fambo - I'm drinking Rum & Red Bull"", 'video_html': '<iframe width=""400"" height=""300"" src=""https://www.youtube.com/embed/A0UEVUbLpRA?feature=oembed&autoplay=1&iv_load_policy=3"" frameborder=""0"" allow=""accelerometer; autoplay; clipboard-write; encrypted-media; gyroscope; picture-in-picture"" allowfullscreen></iframe>', 'video_html_width': 400, 'video_html_height': 300, 'from_url': 'https://www.youtube.com/watch?v=A0UEVUbLpRA&amp;ab_channel=SajmoonPL', 'service_icon': 'https://a.slack-edge.com/80588/img/unfurl_icons/youtube.png', 'id': 1, 'original_url': 'https://www.youtube.com/watch?v=A0UEVUbLpRA&amp;ab_channel=SajmoonPL'}]","[{'type': 'rich_text', 'block_id': 'VV3o', 'elements': [{'type': 'rich_text_section', 'elements': [{'type': 'text', 'text': 'project diet '}, {'type': 'user', 'user_id': 'U01RW2X7S9Z'}, {'type': 'text', 'text': ' '}, {'type': 'emoji', 'name': 'aaw_yeah'}, {'type': 'text', 'text': '\n\n'}, {'type': 'link', 'url': 'https://www.youtube.com/watch?v=A0UEVUbLpRA&ab_channel=SajmoonPL'}]}]}]",,,,,,,,,,,,,,,,,,,music
message,,1618576955.0023,U01RW2X7S9Z,"good idea, got some rum here",dd470882-9e25-42c4-b4b0-9475eb916da0,T01RBRV5F7H,T01RBRV5F7H,T01RBRV5F7H,"{'avatar_hash': '7e12d75d168a', 'image_72': 'https://avatars.slack-edge.com/2021-03-19/1880105796643_7e12d75d168ae25c167d_72.jpg', 'first_name': 'Alexandre', 'real_name': 'Alexandre Sommerkamp', 'display_name': 'Alexandre Sommerkamp', 'team': 'T01RBRV5F7H', 'name': 'alex.c.skp', 'is_restricted': False, 'is_ultra_restricted': False}",,"[{'type': 'rich_text', 'block_id': 'vGuj', 'elements': [{'type': 'rich_text_section', 'elements': [{'type': 'text', 'text': 'good idea, got some rum here'}]}]}]",,,,,,,,,,,,,,,,,,,music
message,,1618587471.003,U01S1CWGTU4,A friend from Argentina :slightly_smiling_face: <https://www.youtube.com/watch?v=tWYZmKe224I>,e4a6436c-5a9c-415d-983c-0514d3fbdf97,T01RBRV5F7H,T01RBRV5F7H,T01RBRV5F7H,"{'avatar_hash': '09076999792d', 'image_72': 'https://avatars.slack-edge.com/2021-03-21/1868032103895_09076999792d539af81c_72.png', 'first_name': '', 'real_name': 'Antonio Saleme Sastre', 'display_name': 'Antonio Saleme Sastre', 'team': 'T01RBRV5F7H', 'name': 'salemesastre', 'is_restricted': False, 'is_ultra_restricted': False}","[{'service_name': 'YouTube', 'service_url': 'https://www.youtube.com/', 'title': 'Summertime Maria Castillo De Lima', 'title_link': 'https://www.youtube.com/watch?v=tWYZmKe224I', 'author_name': 'María Castillo De Lima', 'author_link': 'https://www.youtube.com/channel/UCNzxhImdgyhaUR0xWmU5xjw', 'thumb_url': 'https://i.ytimg.com/vi/tWYZmKe224I/hqdefault.jpg', 'thumb_width': 480, 'thumb_height': 360, 'fallback': 'YouTube Video: Summertime Maria Castillo De Lima', 'video_html': '<iframe width=""400"" height=""225"" src=""https://www.youtube.com/embed/tWYZmKe224I?feature=oembed&autoplay=1&iv_load_policy=3"" frameborder=""0"" allow=""accelerometer; autoplay; clipboard-write; encrypted-media; gyroscope; picture-in-picture"" allowfullscreen></iframe>', 'video_html_width': 400, 'video_html_height': 225, 'from_url': 'https://www.youtube.com/watch?v=tWYZmKe224I', 'service_icon': 'https://a.slack-edge.com/80588/img/unfurl_icons/youtube.png', 'id': 1, 'original_url': 'https://www.youtube.com/watch?v=tWYZmKe224I'}]","[{'type': 'rich_text', 'block_id': 'tuSLE', 'elements': [{'type': 'rich_text_section', 'elements': [{'type': 'text', 'text': 'A friend from Argentina '}, {'type': 'emoji', 'name': 'slightly_smiling_face'}, {'type': 'text', 'text': ' '}, {'type': 'link', 'url': 'https://www.youtube.com/watch?v=tWYZmKe224I'}]}]}]",,"[{'name': 'aaw_yeah', 'users': ['U01S7KCL3DF'], 'count': 1}]",,,,,,,,,,,,,,,,,music
message,,1618906759.002,U01RXCQHMHT,Our theme <https://www.youtube.com/watch?v=UyuZCGEIflM>,306d6b4e-46e1-4655-9051-fb76900e691f,T01RBRV5F7H,T01RBRV5F7H,T01RBRV5F7H,"{'avatar_hash': '7290c61c38a0', 'image_72': 'https://avatars.slack-edge.com/2021-03-22/1898002028225_7290c61c38a01ad66680_72.jpg', 'first_name': 'Thanh', 'real_name': 'Thanh Tung Ha Thuc DAFT Berlin March 2021', 'display_name': 'Tony Ha', 'team': 'T01RBRV5F7H', 'name': 'tony.hathuc', 'is_restricted': False, 'is_ultra_restricted': False}","[{'service_name': 'YouTube', 'service_url': 'https://www.youtube.com/', 'title': ""Lily's Theme"", 'title_link': 'https://www.youtube.com/watch?v=UyuZCGEIflM', 'author_name': 'Alexandre Desplat - Topic', 'author_link': 'https://www.youtube.com/channel/UCkSDY7L1xmwAS2jmifzaUww', 'thumb_url': 'https://i.ytimg.com/vi/UyuZCGEIflM/hqdefault.jpg', 'thumb_width': 480, 'thumb_height': 360, 'fallback': ""YouTube Video: Lily's Theme"", 'video_html': '<iframe width=""400"" height=""300"" src=""https://www.youtube.com/embed/UyuZCGEIflM?feature=oembed&autoplay=1&iv_load_policy=3"" frameborder=""0"" allow=""accelerometer; autoplay; clipboard-write; encrypted-media; gyroscope; picture-in-picture"" allowfullscreen></iframe>', 'video_html_width': 400, 'video_html_height': 300, 'from_url': 'https://www.youtube.com/watch?v=UyuZCGEIflM', 'service_icon': 'https://a.slack-edge.com/80588/img/unfurl_icons/youtube.png', 'id': 1, 'original_url': 'https://www.youtube.com/watch?v=UyuZCGEIflM'}]","[{'type': 'rich_text', 'block_id': 'XVh', 'elements': [{'type': 'rich_text_section', 'elements': [{'type': 'text', 'text': 'Our theme '}, {'type': 'link', 'url': 'https://www.youtube.com/watch?v=UyuZCGEIflM'}]}]}]",,,,,,,,,,,,,,,,,,,music
message,,1616604568.0017,U01SK96QF5E,let’s kick this channel off with a few mood boosters: <https://open.spotify.com/playlist/5iqMm1LbEqfkVv10shvelQ?si=L3WB8erfS_GNjVlviWhEyA|https://open.spotify.com/playlist/5iqMm1LbEqfkVv10shvelQ?si=L3WB8erfS_GNjVlviWhEyA>,EC40C1ED-D086-48AD-9111-E873EEE25098,T01RBRV5F7H,T01RBRV5F7H,T01RBRV5F7H,"{'avatar_hash': '94c1e7ff9e09', 'image_72': 'https://avatars.slack-edge.com/2021-03-21/1883381430979_94c1e7ff9e09a95d14cb_72.jpg', 'first_name': 'Lilla', 'real_name': 'Lilla Szulyovszky', 'display_name': 'lilla', 'team': 'T01RBRV5F7H', 'name': 'lilla.szulyovszky', 'is_restricted': False, 'is_ultra_restricted': False}","[{'service_name': 'Spotify', 'service_url': 'https://spotify.com', 'title': 'Into my soul', 'title_link': 'https://open.spotify.com/playlist/5iqMm1LbEqfkVv10shvelQ?si=L3WB8erfS_GNjVlviWhEyA', 'thumb_url': 'https://mosaic.scdn.co/300/ab67616d0000b2730f87a60900f0b0d58dcb3d0aab67616d0000b273ac770505217db2383621502aab67616d0000b273e4800c920780ac18d4ab6730ab67616d0000b273f022f99fe759ce4c573bdb0e', 'thumb_width': 300, 'thumb_height': 300, 'fallback': 'Spotify Audio: Into my soul', 'audio_html': '<iframe width=""300"" height=""380"" allowtransparency=""true"" frameborder=""0"" allow=""encrypted-media"" title=""Spotify Embed: Into my soul"" src=""https://open.spotify.com/embed/playlist/5iqMm1LbEqfkVv10shvelQ?si=L3WB8erfS_GNjVlviWhEyA""></iframe>', 'audio_html_width': 300, 'audio_html_height': 380, 'from_url': 'https://open.spotify.com/playlist/5iqMm1LbEqfkVv10shvelQ?si=L3WB8erfS_GNjVlviWhEyA', 'service_icon': 'https://a.slack-edge.com/80588/img/unfurl_icons/spotify.png', 'id': 1, 'original_url': 'https://open.spotify.com/playlist/5iqMm1LbEqfkVv10shvelQ?si=L3WB8erfS_GNjVlviWhEyA'}]","[{'type': 'rich_text', 'block_id': '4nK/', 'elements': [{'type': 'rich_text_section', 'elements': [{'type': 'text', 'text': 'let’s kick this channel off with a few mood boosters: '}, {'type': 'link', 'url': 'https://open.spotify.com/playlist/5iqMm1LbEqfkVv10shvelQ?si=L3WB8erfS_GNjVlviWhEyA', 'text': 'https://open.spotify.com/playlist/5iqMm1LbEqfkVv10shvelQ?si=L3WB8erfS_GNjVlviWhEyA'}]}]}]",,"[{'name': 'raised_hands', 'users': ['U01RN7BVD1C', 'U01S7KCL3DF'], 'count': 2}, {'name': 'surprised_owl', 'users': ['U01RSRE0N3D'], 'count': 1}, {'name': 'clap', 'users': ['U01S79YDELR'], 'count': 1}, {'name': '+1', 'users': ['U01RS9Y6UJH'], 'count': 1}]",1616604568.0017,1.0,1.0,1616673138.0042,['U01RW140HBP'],"[{'user': 'U01RW140HBP', 'ts': '1616673138.004200'}]",False,False,,,,,,,,,music
message,,1616668489.0034,U01RSRE0N3D,Anyone else has *<https://youtu.be/cxgpwRSKspA|this song>* playing in your head every time Sian says ic3?,3c8a449b-df02-4065-b6d5-6b9275c654d2,T01RBRV5F7H,T01RBRV5F7H,T01RBRV5F7H,"{'avatar_hash': '5b0571ca5e6f', 'image_72': 'https://avatars.slack-edge.com/2021-03-18/1876877550179_5b0571ca5e6fe1f759fe_72.jpg', 'first_name': 'Kosta', 'real_name': 'Kosta', 'display_name': 'Kosta', 'team': 'T01RBRV5F7H', 'name': 'kostadin.mitkov', 'is_restricted': False, 'is_ultra_restricted': False}","[{'service_name': 'YouTube', 'service_url': 'https://www.youtube.com/', 'title': 'Ghetts — IC3 feat Skepta (Official Video)', 'title_link': 'https://youtu.be/cxgpwRSKspA', 'author_name': 'Ghetts', 'author_link': 'https://www.youtube.com/user/TheRealGhettsTV', 'thumb_url': 'https://i.ytimg.com/vi/cxgpwRSKspA/hqdefault.jpg', 'thumb_width': 480, 'thumb_height': 360, 'fallback': 'YouTube Video: Ghetts — IC3 feat Skepta (Official Video)', 'video_html': '<iframe width=""400"" height=""225"" src=""https://www.youtube.com/embed/cxgpwRSKspA?feature=oembed&autoplay=1&iv_load_policy=3"" frameborder=""0"" allow=""accelerometer; autoplay; clipboard-write; encrypted-media; gyroscope; picture-in-picture"" allowfullscreen></iframe>', 'video_html_width': 400, 'video_html_height': 225, 'from_url': 'https://youtu.be/cxgpwRSKspA', 'service_icon': 'https://a.slack-edge.com/80588/img/unfurl_icons/youtube.png', 'id': 1, 'original_url': 'https://youtu.be/cxgpwRSKspA'}]","[{'type': 'rich_text', 'block_id': '9gK8h', 'elements': [{'type': 'rich_text_section', 'elements': [{'type': 'text', 'text': 'Anyone else has '}, {'type': 'link', 'url': 'https://youtu.be/cxgpwRSKspA', 'text': 'this song', 'style': {'bold': True}}, {'type': 'text', 'text': ' playing in your head every time Sian says ic3?'}]}]}]",,"[{'name': 'aaw_yeah', 'users': ['U01S7KCL3DF'], 'count': 1}]",1616668489.0034,5.0,3.0,1616750417.0006,"['U01RW2X7S9Z', 'U01S7KCL3DF', 'U01RXCQHMHT']","[{'user': 'U01RW2X7S9Z', 'ts': '1616670547.003700'}, {'user': 'U01RW2X7S9Z', 'ts': '1616670563.003900'}, {'user': 'U01S7KCL3DF', 'ts': '1616676367.004500'}, {'user': 'U01S7KCL3DF', 'ts': '1616676841.004800'}, {'user': 'U01RXCQHMHT', 'ts': '1616750417.000600'}]",0.0,1.0,1616750417.0006,,,,,,,,music
message,,1616670547.0037,U01RW2X7S9Z,this is what comes to my mind,,,,,,,"[{'type': 'rich_text', 'block_id': 'GCJyd', 'elements': [{'type': 'rich_text_section', 'elements': [{'type': 'text', 'text': 'this is what comes to my mind'}]}]}]",,"[{'name': 'smile', 'users': ['U01RSRE0N3D'], 'count': 1}]",1616668489.0034,,,,,,,,,U01RSRE0N3D,"[{'id': 'F01S6TH4MBQ', 'created': 1616670538, 'timestamp': 1616670538, 'name': 'image.png', 'title': 'image.png', 'mimetype': 'image/png', 'filetype': 'png', 'pretty_type': 'PNG', 'user': 'U01RW2X7S9Z', 'editable': False, 'size': 79141, 'mode': 'hosted', 'is_external': False, 'external_type': '', 'is_public': True, 'public_url_shared': False, 'display_as_bot': False, 'username': '', 'url_private': 'https://files.slack.com/files-pri/T01RBRV5F7H-F01S6TH4MBQ/image.png?t=xoxe-1861879185255-2068564688150-2068564727718-519dfbdd8f50e154f7dac1ab76bfc0d2', 'url_private_download': 'https://files.slack.com/files-pri/T01RBRV5F7H-F01S6TH4MBQ/download/image.png?t=xoxe-1861879185255-2068564688150-2068564727718-519dfbdd8f50e154f7dac1ab76bfc0d2', 'thumb_64': 'https://files.slack.com/files-tmb/T01RBRV5F7H-F01S6TH4MBQ-5524ee0cc0/image_64.png?t=xoxe-1861879185255-2068564688150-2068564727718-519dfbdd8f50e154f7dac1ab76bfc0d2', 'thumb_80': 'https://files.slack.com/files-tmb/T01RBRV5F7H-F01S6TH4MBQ-5524ee0cc0/image_80.png?t=xoxe-1861879185255-2068564688150-2068564727718-519dfbdd8f50e154f7dac1ab76bfc0d2', 'thumb_360': 'https://files.slack.com/files-tmb/T01RBRV5F7H-F01S6TH4MBQ-5524ee0cc0/image_360.png?t=xoxe-1861879185255-2068564688150-2068564727718-519dfbdd8f50e154f7dac1ab76bfc0d2', 'thumb_360_w': 320, 'thumb_360_h': 122, 'thumb_160': 'https://files.slack.com/files-tmb/T01RBRV5F7H-F01S6TH4MBQ-5524ee0cc0/image_160.png?t=xoxe-1861879185255-2068564688150-2068564727718-519dfbdd8f50e154f7dac1ab76bfc0d2', 'original_w': 320, 'original_h': 122, 'thumb_tiny': 'AwASADC8z7R1GfrTfNUHlh0rK82UsTtH40pec+340AaazIy5BJH0NI9zGnVuc4rOR5lOQQD9TQ6ySHcxGfWgC+buINjP41G18mwkZznpVLyj6n8qPLA/vflQBYwMmg9Pxpe5pD3+tADVPJoJO48npSDvQfvn6UAKrHHU0ZPrSL0oFAH/2Q==', 'permalink': 'https://data-ft-ber-03-2021.slack.com/files/U01RW2X7S9Z/F01S6TH4MBQ/image.png', 'permalink_public': 'https://slack-files.com/T01RBRV5F7H-F01S6TH4MBQ-e28e2204cd', 'is_starred': False, 'has_rich_preview': False}]",0.0,0.0,,,,music
message,,1616670563.0039,U01RW2X7S9Z,poor wifi and bitter coffee,d375a13e-60b4-499d-b8bd-1320230e4f6c,T01RBRV5F7H,T01RBRV5F7H,T01RBRV5F7H,"{'avatar_hash': '7e12d75d168a', 'image_72': 'https://avatars.slack-edge.com/2021-03-19/1880105796643_7e12d75d168ae25c167d_72.jpg', 'first_name': 'Alexandre', 'real_name': 'Alexandre Sommerkamp', 'display_name': 'Alexandre Sommerkamp', 'team': 'T01RBRV5F7H', 'name': 'alex.c.skp', 'is_restricted': False, 'is_ultra_restricted': False}",,"[{'type': 'rich_text', 'block_id': 'QSHQ', 'elements': [{'type': 'rich_text_section', 'elements': [{'type': 'text', 'text': 'poor wifi and bitter coffee'}]}]}]",,,1616668489.0034,,,,,,,,,U01RSRE0N3D,,,,,,,music
message,,1616673138.0042,U01RW140HBP,thanks! always open to new playlists to accompany my lesson planning time!,2e5ba6bc-3224-445a-9f7a-467a6d8db89c,T01RBRV5F7H,T01RBRV5F7H,T01RBRV5F7H,"{'avatar_hash': '4c43a3a8d10b', 'image_72': 'https://avatars.slack-edge.com/2021-03-21/1895736308209_4c43a3a8d10bc2fe5e13_72.png', 'first_name': 'siand', 'real_name': 'siand the LT (she/her)', 'display_name': 'siand the LT (she/her)', 'team': 'T01RBRV5F7H', 'name': 'sian.davies', 'is_restricted': False, 'is_ultra_restricted': False}",,"[{'type': 'rich_text', 'block_id': 'QZy', 'elements': [{'type': 'rich_text_section', 'elements': [{'type': 'text', 'text': 'thanks! always open to new playlists to accompany my lesson planning time!'}]}]}]",,"[{'name': 'innocent', 'users': ['U01SK96QF5E'], 'count': 1}]",1616604568.0017,,,,,,,,,U01SK96QF5E,,,,,,,music
message,,1616676367.0045,U01S7KCL3DF,"and as for piecharts fam

<https://www.youtube.com/watch?v=akjGyPK92b4&amp;ab_channel=BlimeyworldGrimetube>",60f32405-7d2b-4afa-8496-05adea60e4aa,T01RBRV5F7H,T01RBRV5F7H,T01RBRV5F7H,"{'avatar_hash': '17b52091bb62', 'image_72': 'https://avatars.slack-edge.com/2021-03-19/1875964347925_17b52091bb62c2340b4c_72.png', 'first_name': 'Sam', 'real_name': 'Sam Katterfield', 'display_name': 'Sam', 'team': 'T01RBRV5F7H', 'name': 'samkatterfield', 'is_restricted': False, 'is_ultra_restricted': False}","[{'service_name': 'YouTube', 'service_url': 'https://www.youtube.com/', 'title': 'Wiley (Eskiboy) - Pies', 'title_link': 'https://www.youtube.com/watch?v=akjGyPK92b4&amp;ab_channel=BlimeyworldGrimetube', 'author_name': 'BlimeyworldGrimetube', 'author_link': 'https://www.youtube.com/user/BlimeyworldGrimetube', 'thumb_url': 'https://i.ytimg.com/vi/akjGyPK92b4/hqdefault.jpg', 'thumb_width': 128, 'thumb_height': 96, 'fallback': 'YouTube Video: Wiley (Eskiboy) - Pies', 'video_html': '<iframe width=""400"" height=""300"" src=""https://www.youtube.com/embed/akjGyPK92b4?feature=oembed&autoplay=1&iv_load_policy=3"" frameborder=""0"" allow=""accelerometer; autoplay; clipboard-write; encrypted-media; gyroscope; picture-in-picture"" allowfullscreen></iframe>', 'video_html_width': 400, 'video_html_height': 300, 'from_url': 'https://www.youtube.com/watch?v=akjGyPK92b4&amp;ab_channel=BlimeyworldGrimetube', 'service_icon': 'https://a.slack-edge.com/80588/img/unfurl_icons/youtube.png', 'id': 1, 'original_url': 'https://www.youtube.com/watch?v=akjGyPK92b4&amp;ab_channel=BlimeyworldGrimetube'}]","[{'type': 'rich_text', 'block_id': 'c=L', 'elements': [{'type': 'rich_text_section', 'elements': [{'type': 'text', 'text': 'and as for piecharts fam\n\n'}, {'type': 'link', 'url': 'https://www.youtube.com/watch?v=akjGyPK92b4&ab_channel=BlimeyworldGrimetube'}]}]}]",,"[{'name': '+1', 'users': ['U01RSRE0N3D'], 'count': 1}]",1616668489.0034,,,,,,,,,U01RSRE0N3D,,,,,,,music
message,,1616676841.0048,U01S7KCL3DF,"or when Wiley takes a high speed train in Germany:

""You get me? (_IC3_) That's why (_IC3_)
And certain man are tryna say like Eski (_IC3_) don't represent Bow E3 (_IC3_)
<https://genius.com/Wiley-bow-e3-lyrics#note-3075406|I've been doing this for so long (>_<https://genius.com/Wiley-bow-e3-lyrics#note-3075406|Bow E3>_<https://genius.com/Wiley-bow-e3-lyrics#note-3075406|)>
It doesn't make sense tryna say I don't represent (_IC3_)
You get me? (_IC3_)""",1f613986-8833-46d6-a9b8-00a93df4df97,T01RBRV5F7H,T01RBRV5F7H,T01RBRV5F7H,"{'avatar_hash': '17b52091bb62', 'image_72': 'https://avatars.slack-edge.com/2021-03-19/1875964347925_17b52091bb62c2340b4c_72.png', 'first_name': 'Sam', 'real_name': 'Sam Katterfield', 'display_name': 'Sam', 'team': 'T01RBRV5F7H', 'name': 'samkatterfield', 'is_restricted': False, 'is_ultra_restricted': False}","[{'service_name': 'Genius', 'title': 'Wiley – Bow E3', 'title_link': 'https://genius.com/Wiley-bow-e3-lyrics#note-3075406', 'text': '“Bow E3” is a track from the UK MC Wiley talking about where he comes from. Bow, an area of London.', 'fallback': 'Genius: Wiley – Bow E3', 'image_url': 'https://images.genius.com/f5e387caa8376c74acff42629a6ff921.500x500x1.jpg', 'from_url': 'https://genius.com/Wiley-bow-e3-lyrics#note-3075406', 'image_width': 250, 'image_height': 250, 'image_bytes': 88667, 'id': 1, 'original_url': 'https://genius.com/Wiley-bow-e3-lyrics#note-3075406'}]","[{'type': 'rich_text', 'block_id': 'e95', 'elements': [{'type': 'rich_text_section', 'elements': [{'type': 'text', 'text': 'or when Wiley takes a high speed train in Germany:\n\n""You get me? ('}, {'type': 'text', 'text': 'IC3', 'style': {'italic': True}}, {'type': 'text', 'text': "") That's why (""}, {'type': 'text', 'text': 'IC3', 'style': {'italic': True}}, {'type': 'text', 'text': ')\nAnd certain man are tryna say like Eski ('}, {'type': 'text', 'text': 'IC3', 'style': {'italic': True}}, {'type': 'text', 'text': "") don't represent Bow E3 (""}, {'type': 'text', 'text': 'IC3', 'style': {'italic': True}}, {'type': 'text', 'text': ')\n'}, {'type': 'link', 'url': 'https://genius.com/Wiley-bow-e3-lyrics#note-3075406', 'text': ""I've been doing this for so long (""}, {'type': 'link', 'url': 'https://genius.com/Wiley-bow-e3-lyrics#note-3075406', 'text': 'Bow E3', 'style': {'italic': True}}, {'type': 'link', 'url': 'https://genius.com/Wiley-bow-e3-lyrics#note-3075406', 'text': ')'}, {'type': 'text', 'text': ""\nIt doesn't make sense tryna say I don't represent (""}, {'type': 'text', 'text': 'IC3', 'style': {'italic': True}}, {'type': 'text', 'text': ')\nYou get me? ('}, {'type': 'text', 'text': 'IC3', 'style': {'italic': True}}, {'type': 'text', 'text': ')""'}]}]}]",,,1616668489.0034,,,,,,,,,U01RSRE0N3D,,,,,,,music
message,,1617045897.0035,U01S7BM4N81,<https://www.youtube.com/watch?v=CAyWN9ba9J8>,c777f65a-139f-42fc-b454-4de97cc3eee2,T01RBRV5F7H,T01RBRV5F7H,T01RBRV5F7H,"{'avatar_hash': '2adfc641e87e', 'image_72': 'https://avatars.slack-edge.com/2021-04-16/1994438084416_2adfc641e87e3a953d9c_72.png', 'first_name': 'Thamo', 'real_name': 'Thamo', 'display_name': 'Thamo', 'team': 'T01RBRV5F7H', 'name': 'thamokoeper', 'is_restricted': False, 'is_ultra_restricted': False}","[{'service_name': 'YouTube', 'service_url': 'https://www.youtube.com/', 'title': 'The Kiffness - Ievan Polkka ft. Bilal Göregen (Club Remix) [Official Video]', 'title_link': 'https://www.youtube.com/watch?v=CAyWN9ba9J8', 'author_name': 'The Kiffness', 'author_link': 'https://www.youtube.com/user/kiffnessTV', 'thumb_url': 'https://i.ytimg.com/vi/CAyWN9ba9J8/hqdefault.jpg', 'thumb_width': 480, 'thumb_height': 360, 'fallback': 'YouTube Video: The Kiffness - Ievan Polkka ft. Bilal Göregen (Club Remix) [Official Video]', 'video_html': '<iframe width=""400"" height=""225"" src=""https://www.youtube.com/embed/CAyWN9ba9J8?feature=oembed&autoplay=1&iv_load_policy=3"" frameborder=""0"" allow=""accelerometer; autoplay; clipboard-write; encrypted-media; gyroscope; picture-in-picture"" allowfullscreen></iframe>', 'video_html_width': 400, 'video_html_height': 225, 'from_url': 'https://www.youtube.com/watch?v=CAyWN9ba9J8', 'service_icon': 'https://a.slack-edge.com/80588/img/unfurl_icons/youtube.png', 'id': 1, 'original_url': 'https://www.youtube.com/watch?v=CAyWN9ba9J8'}]","[{'type': 'rich_text', 'block_id': '8jZS8', 'elements': [{'type': 'rich_text_section', 'elements': [{'type': 'link', 'url': 'https://www.youtube.com/watch?v=CAyWN9ba9J8'}]}]}]",,"[{'name': 'catjam', 'users': ['U01RSRE0N3D'], 'count': 1}]",,,,,,,,,,,,,,,,,music
message,,1618690501.0034,U01RXCQHMHT,<https://www.youtube.com/watch?v=CvWTlFPWjb4&amp;list=PLxA687tYuMWj_V3eiVNidfTBQl1sxYc_7&amp;index=5>,a7dc37a0-54c2-484f-bea2-5f1f37ded2c2,T01RBRV5F7H,T01RBRV5F7H,T01RBRV5F7H,"{'avatar_hash': '7290c61c38a0', 'image_72': 'https://avatars.slack-edge.com/2021-03-22/1898002028225_7290c61c38a01ad66680_72.jpg', 'first_name': 'Thanh', 'real_name': 'Thanh Tung Ha Thuc DAFT Berlin March 2021', 'display_name': 'Tony Ha', 'team': 'T01RBRV5F7H', 'name': 'tony.hathuc', 'is_restricted': False, 'is_ultra_restricted': False}","[{'service_name': 'YouTube', 'service_url': 'https://www.youtube.com/', 'title': 'Logic - Open Mic / Aquarius III (Official Audio)', 'title_link': 'https://www.youtube.com/watch?v=CvWTlFPWjb4&amp;index=5', 'author_name': 'Visionary Music Group', 'author_link': 'https://www.youtube.com/user/VisionaryMGMT', 'thumb_url': 'https://i.ytimg.com/vi/CvWTlFPWjb4/hqdefault.jpg', 'thumb_width': 480, 'thumb_height': 360, 'fallback': 'YouTube Video: Logic - Open Mic / Aquarius III (Official Audio)', 'video_html': '<iframe width=""400"" height=""225"" src=""https://www.youtube.com/embed/CvWTlFPWjb4?feature=oembed&autoplay=1&iv_load_policy=3"" frameborder=""0"" allow=""accelerometer; autoplay; clipboard-write; encrypted-media; gyroscope; picture-in-picture"" allowfullscreen></iframe>', 'video_html_width': 400, 'video_html_height': 225, 'from_url': 'https://www.youtube.com/watch?v=CvWTlFPWjb4&amp;index=5', 'service_icon': 'https://a.slack-edge.com/80588/img/unfurl_icons/youtube.png', 'id': 1, 'original_url': 'https://www.youtube.com/watch?v=CvWTlFPWjb4&amp;list=PLxA687tYuMWj_V3eiVNidfTBQl1sxYc_7&amp;index=5'}]","[{'type': 'rich_text', 'block_id': '9wZcK', 'elements': [{'type': 'rich_text_section', 'elements': [{'type': 'link', 'url': 'https://www.youtube.com/watch?v=CvWTlFPWjb4&list=PLxA687tYuMWj_V3eiVNidfTBQl1sxYc_7&index=5'}]}]}]",,,,,,,,,,,,,,,,,,,music
message,channel_join,1616108000.0002,U01RSRE0N3D,<@U01RSRE0N3D> has joined the channel,,,,,,,,,,,,,,,,,,,,,,,,,,music
message,,1619504683.0002,U01RXCQHMHT,<https://www.youtube.com/watch?v=aJoo79OwZEI&amp;t=608s>,e3cebefa-7648-4502-a09a-7509f7511141,T01RBRV5F7H,T01RBRV5F7H,T01RBRV5F7H,"{'avatar_hash': '7290c61c38a0', 'image_72': 'https://avatars.slack-edge.com/2021-03-22/1898002028225_7290c61c38a01ad66680_72.jpg', 'first_name': 'Thanh', 'real_name': 'Thanh Tung Ha Thuc DAFT Berlin March 2021', 'display_name': 'Tony Ha', 'team': 'T01RBRV5F7H', 'name': 'tony.hathuc', 'is_restricted': False, 'is_ultra_restricted': False}","[{'service_name': 'YouTube', 'service_url': 'https://www.youtube.com/', 'title': 'Liquid Drum and Bass Mix #60', 'title_link': 'https://www.youtube.com/watch?v=aJoo79OwZEI&amp;t=608s', 'author_name': 'Sound Territory', 'author_link': 'https://www.youtube.com/c/DedicatedToYouByQLee', 'thumb_url': 'https://i.ytimg.com/vi/aJoo79OwZEI/hqdefault.jpg', 'thumb_width': 480, 'thumb_height': 360, 'fallback': 'YouTube Video: Liquid Drum and Bass Mix #60', 'video_html': '<iframe width=""400"" height=""225"" src=""https://www.youtube.com/embed/aJoo79OwZEI?feature=oembed&start=608&autoplay=1&iv_load_policy=3"" frameborder=""0"" allow=""accelerometer; autoplay; clipboard-write; encrypted-media; gyroscope; picture-in-picture"" allowfullscreen></iframe>', 'video_html_width': 400, 'video_html_height': 225, 'from_url': 'https://www.youtube.com/watch?v=aJoo79OwZEI&amp;t=608s', 'service_icon': 'https://a.slack-edge.com/80588/img/unfurl_icons/youtube.png', 'id': 1, 'original_url': 'https://www.youtube.com/watch?v=aJoo79OwZEI&amp;t=608s'}]","[{'type': 'rich_text', 'block_id': 'dpnh', 'elements': [{'type': 'rich_text_section', 'elements': [{'type': 'link', 'url': 'https://www.youtube.com/watch?v=aJoo79OwZEI&t=608s'}]}]}]",,"[{'name': 'heart_eyes', 'users': ['U01SK96QF5E', 'U01RSRE0N3D', 'U01RKN0EGDV'], 'count': 3}, {'name': 'dimitri', 'users': ['U01RW2X7S9Z'], 'count': 1}]",1619504683.0002,4.0,2.0,1619530200.0042,"['U01SK96QF5E', 'U01RXCQHMHT']","[{'user': 'U01SK96QF5E', 'ts': '1619505904.003200'}, {'user': 'U01RXCQHMHT', 'ts': '1619529798.003800'}, {'user': 'U01SK96QF5E', 'ts': '1619529990.004000'}, {'user': 'U01RXCQHMHT', 'ts': '1619530200.004200'}]",0.0,0.0,,,,,,,,,music
message,,1619505904.0032,U01SK96QF5E,"Fun fact: there is an open air liquid drum and bass party series every summer on a  boat’s roof terrace in Budapest (goes from 5pm til 10pm on Fridays, yes, that early :sweat_smile:). So if you ever come around, let me know :slightly_smiling_face: <https://open.spotify.com/user/larry-de-montreal/playlist/5j8yv6rY82YV7MQuP0dkfj?si=Obi-AJsHQjeRWbx0L82axA|https://open.spotify.com/user/larry-de-montreal/playlist/5j8yv6rY82YV7MQuP0dkfj?si=Obi-AJsHQjeRWbx0L82axA>",1F8C3AD8-6827-4137-9062-B755F4326FB9,T01RBRV5F7H,T01RBRV5F7H,T01RBRV5F7H,"{'avatar_hash': '94c1e7ff9e09', 'image_72': 'https://avatars.slack-edge.com/2021-03-21/1883381430979_94c1e7ff9e09a95d14cb_72.jpg', 'first_name': 'Lilla', 'real_name': 'Lilla Szulyovszky', 'display_name': 'lilla', 'team': 'T01RBRV5F7H', 'name': 'lilla.szulyovszky', 'is_restricted': False, 'is_ultra_restricted': False}","[{'service_name': 'Spotify', 'service_url': 'https://spotify.com', 'title': 'Jazz &amp; Bass #1 (Jazzy &amp; Soulful Liquid So Wet Drum &amp; Bass)', 'title_link': 'https://open.spotify.com/user/larry-de-montreal/playlist/5j8yv6rY82YV7MQuP0dkfj?si=Obi-AJsHQjeRWbx0L82axA', 'thumb_url': 'https://mosaic.scdn.co/300/ab67616d0000b2737094d149df2faf1d0e5a04a3ab67616d0000b27370afaf55dc8cd0e5c69ce30dab67616d0000b27395cdd17f4524b2bb5a787c57ab67616d0000b273c82d9ec287ce55b3de357f8c', 'thumb_width': 300, 'thumb_height': 300, 'fallback': 'Spotify Audio: Jazz & Bass #1 (Jazzy & Soulful Liquid So Wet Drum & Bass)', 'audio_html': '<iframe width=""300"" height=""380"" allowtransparency=""true"" frameborder=""0"" allow=""encrypted-media"" title=""Spotify Embed: Jazz &amp; Bass #1 (Jazzy &amp; Soulful Liquid So Wet Drum &amp; Bass)"" src=""https://open.spotify.com/embed/playlist/5j8yv6rY82YV7MQuP0dkfj?si=Obi-AJsHQjeRWbx0L82axA""></iframe>', 'audio_html_width': 300, 'audio_html_height': 380, 'from_url': 'https://open.spotify.com/user/larry-de-montreal/playlist/5j8yv6rY82YV7MQuP0dkfj?si=Obi-AJsHQjeRWbx0L82axA', 'service_icon': 'https://a.slack-edge.com/80588/img/unfurl_icons/spotify.png', 'id': 1, 'original_url': 'https://open.spotify.com/user/larry-de-montreal/playlist/5j8yv6rY82YV7MQuP0dkfj?si=Obi-AJsHQjeRWbx0L82axA'}]","[{'type': 'rich_text', 'block_id': 'HKE9', 'elements': [{'type': 'rich_text_section', 'elements': [{'type': 'text', 'text': 'Fun fact: there is an open air liquid drum and bass party series every summer on a  boat’s roof terrace in Budapest (goes from 5pm til 10pm on Fridays, yes, that early '}, {'type': 'emoji', 'name': 'sweat_smile'}, {'type': 'text', 'text': '). So if you ever come around, let me know '}, {'type': 'emoji', 'name': 'slightly_smiling_face'}, {'type': 'text', 'text': ' '}, {'type': 'link', 'url': 'https://open.spotify.com/user/larry-de-montreal/playlist/5j8yv6rY82YV7MQuP0dkfj?si=Obi-AJsHQjeRWbx0L82axA', 'text': 'https://open.spotify.com/user/larry-de-montreal/playlist/5j8yv6rY82YV7MQuP0dkfj?si=Obi-AJsHQjeRWbx0L82axA'}]}]}]",,"[{'name': 'girl-grin', 'users': ['U01RKN0EGDV'], 'count': 1}]",1619504683.0002,,,,,,,,,U01RXCQHMHT,,,,,,,music
message,channel_join,1616404283.0002,U01S7BM4N81,<@U01S7BM4N81> has joined the channel,,,,,,,,,,,,,,,,,,,,,,,,,,music
message,channel_join,1616406379.0004,U01RXCQHMHT,<@U01RXCQHMHT> has joined the channel,,,,,,,,,,,,,,,,,,,,,,,,,,music
message,channel_join,1616408529.0006,U01S0MFJ3HR,<@U01S0MFJ3HR> has joined the channel,,,,,,,,,,,,,,,,,,,,,,,,,,music
message,channel_join,1616421918.0009,U01SD3CDH9P,<@U01SD3CDH9P> has joined the channel,,,,,,,,,,,,,,,,,,,,,,,,,U01SJKB2MG8,music
message,channel_join,1616421919.0011,U01S0E0MRJ7,<@U01S0E0MRJ7> has joined the channel,,,,,,,,,,,,,,,,,,,,,,,,,U01SJKB2MG8,music
message,channel_join,1616421919.0013,U01S081EULS,<@U01S081EULS> has joined the channel,,,,,,,,,,,,,,,,,,,,,,,,,U01SJKB2MG8,music
message,channel_join,1616421919.0015,U01RRV4JX6Z,<@U01RRV4JX6Z> has joined the channel,,,,,,,,,,,,,,,,,,,,,,,,,U01SJKB2MG8,music
message,channel_join,1616421920.0017,U01RVSTNRRT,<@U01RVSTNRRT> has joined the channel,,,,,,,,,,,,,,,,,,,,,,,,,U01SJKB2MG8,music
message,channel_join,1616421920.0019,U01RV3K524T,<@U01RV3K524T> has joined the channel,,,,,,,,,,,,,,,,,,,,,,,,,U01SJKB2MG8,music
message,channel_join,1616421920.0021,U01S65G72SY,<@U01S65G72SY> has joined the channel,,,,,,,,,,,,,,,,,,,,,,,,,U01SJKB2MG8,music
message,channel_join,1616421920.0023,U01RP2K1606,<@U01RP2K1606> has joined the channel,,,,,,,,,,,,,,,,,,,,,,,,,U01SJKB2MG8,music
message,channel_join,1616421920.0025,U01S0P26NKD,<@U01S0P26NKD> has joined the channel,,,,,,,,,,,,,,,,,,,,,,,,,U01SJKB2MG8,music
message,channel_join,1616421921.0027,U01S6LCPM0C,<@U01S6LCPM0C> has joined the channel,,,,,,,,,,,,,,,,,,,,,,,,,U01SJKB2MG8,music
message,channel_join,1616421921.0029,U01RN7BVD1C,<@U01RN7BVD1C> has joined the channel,,,,,,,,,,,,,,,,,,,,,,,,,U01SJKB2MG8,music
message,channel_join,1616421921.0031,U01S79YDELR,<@U01S79YDELR> has joined the channel,,,,,,,,,,,,,,,,,,,,,,,,,U01SJKB2MG8,music
message,channel_join,1616421921.0033,U01SK96QF5E,<@U01SK96QF5E> has joined the channel,,,,,,,,,,,,,,,,,,,,,,,,,U01SJKB2MG8,music
message,channel_join,1616421922.0035,U01RKN0EGDV,<@U01RKN0EGDV> has joined the channel,,,,,,,,,,,,,,,,,,,,,,,,,U01SJKB2MG8,music
message,channel_join,1616421922.0037,U01RS9Y6UJH,<@U01RS9Y6UJH> has joined the channel,,,,,,,,,,,,,,,,,,,,,,,,,U01SJKB2MG8,music
message,channel_join,1616421922.0039,U01RNEU3SNA,<@U01RNEU3SNA> has joined the channel,,,,,,,,,,,,,,,,,,,,,,,,,U01SJKB2MG8,music
message,channel_join,1616421923.0041,U01S6L7HLUC,<@U01S6L7HLUC> has joined the channel,,,,,,,,,,,,,,,,,,,,,,,,,U01SJKB2MG8,music
message,channel_join,1616421923.0043,U01S7KCL3DF,<@U01S7KCL3DF> has joined the channel,,,,,,,,,,,,,,,,,,,,,,,,,U01SJKB2MG8,music
message,channel_join,1616421923.0045,U01RW140HBP,<@U01RW140HBP> has joined the channel,,,,,,,,,,,,,,,,,,,,,,,,,U01SJKB2MG8,music
message,channel_join,1616421923.0047,U01S133DZ9A,<@U01S133DZ9A> has joined the channel,,,,,,,,,,,,,,,,,,,,,,,,,U01SJKB2MG8,music
message,,1619772283.0028,U01S7KCL3DF,"<https://www.youtube.com/watch?v=HB8vbB5ILUU&amp;ab_channel=GilbertoGil>

for all the bear hugs

“o Rio de Janeiro continua lindo” :dancing_dog:  :beach_with_umbrella:",2f356cc2-af01-4a68-8a07-b87894e00ce3,T01RBRV5F7H,T01RBRV5F7H,T01RBRV5F7H,"{'avatar_hash': '17b52091bb62', 'image_72': 'https://avatars.slack-edge.com/2021-03-19/1875964347925_17b52091bb62c2340b4c_72.png', 'first_name': 'Sam', 'real_name': 'Sam Katterfield', 'display_name': 'Sam', 'team': 'T01RBRV5F7H', 'name': 'samkatterfield', 'is_restricted': False, 'is_ultra_restricted': False}","[{'service_name': 'YouTube', 'service_url': 'https://www.youtube.com/', 'title': 'Gilberto Gil - ""Aquele Abraço"" - Gilberto Gil (1969)', 'title_link': 'https://www.youtube.com/watch?v=HB8vbB5ILUU&amp;ab_channel=GilbertoGil', 'author_name': 'Gilberto Gil', 'author_link': 'https://www.youtube.com/user/gilbertogilmusic', 'thumb_url': 'https://i.ytimg.com/vi/HB8vbB5ILUU/hqdefault.jpg', 'thumb_width': 480, 'thumb_height': 360, 'fallback': 'YouTube Video: Gilberto Gil - ""Aquele Abraço"" - Gilberto Gil (1969)', 'video_html': '<iframe width=""400"" height=""225"" src=""https://www.youtube.com/embed/HB8vbB5ILUU?feature=oembed&autoplay=1&iv_load_policy=3"" frameborder=""0"" allow=""accelerometer; autoplay; clipboard-write; encrypted-media; gyroscope; picture-in-picture"" allowfullscreen></iframe>', 'video_html_width': 400, 'video_html_height': 225, 'from_url': 'https://www.youtube.com/watch?v=HB8vbB5ILUU&amp;ab_channel=GilbertoGil', 'service_icon': 'https://a.slack-edge.com/80588/img/unfurl_icons/youtube.png', 'id': 1, 'original_url': 'https://www.youtube.com/watch?v=HB8vbB5ILUU&amp;ab_channel=GilbertoGil'}]","[{'type': 'rich_text', 'block_id': 'pbD', 'elements': [{'type': 'rich_text_section', 'elements': [{'type': 'link', 'url': 'https://www.youtube.com/watch?v=HB8vbB5ILUU&ab_channel=GilbertoGil'}, {'type': 'text', 'text': '\n\nfor all the bear hugs\n\n“o Rio de Janeiro continua lindo” '}, {'type': 'emoji', 'name': 'dancing_dog'}, {'type': 'text', 'text': '  '}, {'type': 'emoji', 'name': 'beach_with_umbrella'}]}]}]",,"[{'name': '+1', 'users': ['U01S1CWGTU4'], 'count': 1}]",1619772283.0028,2.0,2.0,1619786355.0033,"['U01SK96QF5E', 'U01S7KCL3DF']","[{'user': 'U01SK96QF5E', 'ts': '1619785530.003100'}, {'user': 'U01S7KCL3DF', 'ts': '1619786355.003300'}]",0.0,0.0,,,,,,,,,music
message,,1619785530.0031,U01SK96QF5E,nice!,7792747e-3a88-4e4b-9e29-9a4996093d33,T01RBRV5F7H,T01RBRV5F7H,T01RBRV5F7H,"{'avatar_hash': '94c1e7ff9e09', 'image_72': 'https://avatars.slack-edge.com/2021-03-21/1883381430979_94c1e7ff9e09a95d14cb_72.jpg', 'first_name': 'Lilla', 'real_name': 'Lilla Szulyovszky', 'display_name': 'lilla', 'team': 'T01RBRV5F7H', 'name': 'lilla.szulyovszky', 'is_restricted': False, 'is_ultra_restricted': False}",,"[{'type': 'rich_text', 'block_id': 'R5K9g', 'elements': [{'type': 'rich_text_section', 'elements': [{'type': 'text', 'text': 'nice!'}]}]}]",,,1619772283.0028,,,,,,,,,U01S7KCL3DF,,,,,,,music
message,,1619786355.0033,U01S7KCL3DF,"spotify wants to follow that up with a song from the northeast…. what a choon :aaw_yeah:

<https://open.spotify.com/track/3cR6v2bOwqi7znC8P5Vs1T?si=f722e20636454d54>",3b620ff8-6e93-4235-868d-b0f68116106e,T01RBRV5F7H,T01RBRV5F7H,T01RBRV5F7H,"{'avatar_hash': '17b52091bb62', 'image_72': 'https://avatars.slack-edge.com/2021-03-19/1875964347925_17b52091bb62c2340b4c_72.png', 'first_name': 'Sam', 'real_name': 'Sam Katterfield', 'display_name': 'Sam', 'team': 'T01RBRV5F7H', 'name': 'samkatterfield', 'is_restricted': False, 'is_ultra_restricted': False}","[{'service_name': 'Spotify', 'service_url': 'https://spotify.com', 'title': 'Maracatu Atômico', 'title_link': 'https://open.spotify.com/track/3cR6v2bOwqi7znC8P5Vs1T?si=f722e20636454d54', 'thumb_url': 'https://i.scdn.co/image/ab67616d00001e0214a6744b1b2f5d8974e15a12', 'thumb_width': 300, 'thumb_height': 300, 'fallback': 'Spotify Audio: Maracatu Atômico', 'audio_html': '<iframe width=""300"" height=""380"" allowtransparency=""true"" frameborder=""0"" allow=""encrypted-media"" title=""Spotify Embed: Maracatu Atômico"" src=""https://open.spotify.com/embed/track/3cR6v2bOwqi7znC8P5Vs1T?si=f722e20636454d54""></iframe>', 'audio_html_width': 300, 'audio_html_height': 380, 'from_url': 'https://open.spotify.com/track/3cR6v2bOwqi7znC8P5Vs1T?si=f722e20636454d54', 'service_icon': 'https://a.slack-edge.com/80588/img/unfurl_icons/spotify.png', 'id': 1, 'original_url': 'https://open.spotify.com/track/3cR6v2bOwqi7znC8P5Vs1T?si=f722e20636454d54'}]","[{'type': 'rich_text', 'block_id': 'ZrGcV', 'elements': [{'type': 'rich_text_section', 'elements': [{'type': 'text', 'text': 'spotify wants to follow that up with a song from the northeast…. what a choon '}, {'type': 'emoji', 'name': 'aaw_yeah'}, {'type': 'text', 'text': '\n\n'}, {'type': 'link', 'url': 'https://open.spotify.com/track/3cR6v2bOwqi7znC8P5Vs1T?si=f722e20636454d54'}]}]}]",,,1619772283.0028,,,,,,,,,U01S7KCL3DF,,,,,,,music
message,,1619795636.0036,U01S1CWGTU4,<https://youtu.be/XFG19mkssLc|https://youtu.be/XFG19mkssLc> Argentinean folk music :relieved:,7af9e85f-0c6b-4674-a2a3-5483f17d785f,T01RBRV5F7H,T01RBRV5F7H,T01RBRV5F7H,"{'avatar_hash': '09076999792d', 'image_72': 'https://avatars.slack-edge.com/2021-03-21/1868032103895_09076999792d539af81c_72.png', 'first_name': '', 'real_name': 'Antonio Saleme Sastre', 'display_name': 'Antonio Saleme Sastre', 'team': 'T01RBRV5F7H', 'name': 'salemesastre', 'is_restricted': False, 'is_ultra_restricted': False}","[{'service_name': 'YouTube', 'service_url': 'https://www.youtube.com/', 'title': 'Orellana Lucca - La voz del que se ha ido. [La Santiagueña Sessions 5/5]', 'title_link': 'https://youtu.be/XFG19mkssLc', 'author_name': 'La Santiagueña', 'author_link': 'https://www.youtube.com/channel/UChLbwofeGnL1Uo9z5o4ZvOw', 'thumb_url': 'https://i.ytimg.com/vi/XFG19mkssLc/hqdefault.jpg', 'thumb_width': 480, 'thumb_height': 360, 'fallback': 'YouTube Video: Orellana Lucca - La voz del que se ha ido. [La Santiagueña Sessions 5/5]', 'video_html': '<iframe width=""400"" height=""225"" src=""https://www.youtube.com/embed/XFG19mkssLc?feature=oembed&autoplay=1&iv_load_policy=3"" frameborder=""0"" allow=""accelerometer; autoplay; clipboard-write; encrypted-media; gyroscope; picture-in-picture"" allowfullscreen></iframe>', 'video_html_width': 400, 'video_html_height': 225, 'from_url': 'https://youtu.be/XFG19mkssLc', 'service_icon': 'https://a.slack-edge.com/80588/img/unfurl_icons/youtube.png', 'id': 1, 'original_url': 'https://youtu.be/XFG19mkssLc'}]","[{'type': 'rich_text', 'block_id': 'E2XUB', 'elements': [{'type': 'rich_text_section', 'elements': [{'type': 'link', 'url': 'https://youtu.be/XFG19mkssLc', 'text': 'https://youtu.be/XFG19mkssLc'}, {'type': 'text', 'text': ' Argentinean folk music '}, {'type': 'emoji', 'name': 'relieved'}]}]}]",,,,,,,,,,,,,,,,,,,music
message,,1618038251.0004,U01S7KCL3DF,the YouTube algorithm is coming up with some dream combos,,,,,,,"[{'type': 'rich_text', 'block_id': 'xNEsi', 'elements': [{'type': 'rich_text_section', 'elements': [{'type': 'text', 'text': 'the YouTube algorithm is coming up with some dream combos'}]}]}]",,"[{'name': 'joy', 'users': ['U01RN7BVD1C', 'U01RW140HBP', 'U01RXCQHMHT', 'U01S7BM4N81'], 'count': 4}, {'name': 'cattyping', 'users': ['U01RRV4JX6Z'], 'count': 1}]",,,,,,,,,,,"[{'id': 'F01ULCVAFQ8', 'created': 1618038228, 'timestamp': 1618038228, 'name': 'WhatsApp Image 2021-04-10 at 08.48.09.jpeg', 'title': 'WhatsApp Image 2021-04-10 at 08.48.09.jpeg', 'mimetype': 'image/jpeg', 'filetype': 'jpg', 'pretty_type': 'JPEG', 'user': 'U01S7KCL3DF', 'editable': False, 'size': 151188, 'mode': 'hosted', 'is_external': False, 'external_type': '', 'is_public': True, 'public_url_shared': False, 'display_as_bot': False, 'username': '', 'url_private': 'https://files.slack.com/files-pri/T01RBRV5F7H-F01ULCVAFQ8/whatsapp_image_2021-04-10_at_08.48.09.jpeg?t=xoxe-1861879185255-2068564688150-2068564727718-519dfbdd8f50e154f7dac1ab76bfc0d2', 'url_private_download': 'https://files.slack.com/files-pri/T01RBRV5F7H-F01ULCVAFQ8/download/whatsapp_image_2021-04-10_at_08.48.09.jpeg?t=xoxe-1861879185255-2068564688150-2068564727718-519dfbdd8f50e154f7dac1ab76bfc0d2', 'thumb_64': 'https://files.slack.com/files-tmb/T01RBRV5F7H-F01ULCVAFQ8-b51657f5c9/whatsapp_image_2021-04-10_at_08.48.09_64.jpg?t=xoxe-1861879185255-2068564688150-2068564727718-519dfbdd8f50e154f7dac1ab76bfc0d2', 'thumb_80': 'https://files.slack.com/files-tmb/T01RBRV5F7H-F01ULCVAFQ8-b51657f5c9/whatsapp_image_2021-04-10_at_08.48.09_80.jpg?t=xoxe-1861879185255-2068564688150-2068564727718-519dfbdd8f50e154f7dac1ab76bfc0d2', 'thumb_360': 'https://files.slack.com/files-tmb/T01RBRV5F7H-F01ULCVAFQ8-b51657f5c9/whatsapp_image_2021-04-10_at_08.48.09_360.jpg?t=xoxe-1861879185255-2068564688150-2068564727718-519dfbdd8f50e154f7dac1ab76bfc0d2', 'thumb_360_w': 360, 'thumb_360_h': 176, 'thumb_480': 'https://files.slack.com/files-tmb/T01RBRV5F7H-F01ULCVAFQ8-b51657f5c9/whatsapp_image_2021-04-10_at_08.48.09_480.jpg?t=xoxe-1861879185255-2068564688150-2068564727718-519dfbdd8f50e154f7dac1ab76bfc0d2', 'thumb_480_w': 480, 'thumb_480_h': 235, 'thumb_160': 'https://files.slack.com/files-tmb/T01RBRV5F7H-F01ULCVAFQ8-b51657f5c9/whatsapp_image_2021-04-10_at_08.48.09_160.jpg?t=xoxe-1861879185255-2068564688150-2068564727718-519dfbdd8f50e154f7dac1ab76bfc0d2', 'thumb_720': 'https://files.slack.com/files-tmb/T01RBRV5F7H-F01ULCVAFQ8-b51657f5c9/whatsapp_image_2021-04-10_at_08.48.09_720.jpg?t=xoxe-1861879185255-2068564688150-2068564727718-519dfbdd8f50e154f7dac1ab76bfc0d2', 'thumb_720_w': 720, 'thumb_720_h': 352, 'thumb_800': 'https://files.slack.com/files-tmb/T01RBRV5F7H-F01ULCVAFQ8-b51657f5c9/whatsapp_image_2021-04-10_at_08.48.09_800.jpg?t=xoxe-1861879185255-2068564688150-2068564727718-519dfbdd8f50e154f7dac1ab76bfc0d2', 'thumb_800_w': 800, 'thumb_800_h': 391, 'thumb_960': 'https://files.slack.com/files-tmb/T01RBRV5F7H-F01ULCVAFQ8-b51657f5c9/whatsapp_image_2021-04-10_at_08.48.09_960.jpg?t=xoxe-1861879185255-2068564688150-2068564727718-519dfbdd8f50e154f7dac1ab76bfc0d2', 'thumb_960_w': 960, 'thumb_960_h': 469, 'thumb_1024': 'https://files.slack.com/files-tmb/T01RBRV5F7H-F01ULCVAFQ8-b51657f5c9/whatsapp_image_2021-04-10_at_08.48.09_1024.jpg?t=xoxe-1861879185255-2068564688150-2068564727718-519dfbdd8f50e154f7dac1ab76bfc0d2', 'thumb_1024_w': 1024, 'thumb_1024_h': 501, 'original_w': 1268, 'original_h': 620, 'thumb_tiny': 'AwAXADCACHyl+Tc+Oee9Dw4ViIiAOrdaaoXCblOParpvItgBVx7YoGUJAB/ABmnCJCoPP5in3U6S8BTkdCajUjujfnTQmKYkGPvde2KW2iV5mR16DoaamAdzA5HTFSQvidmCsTjnFJgisrYNO3/X86ZRQAU4NgY/rTaKAH7z6n86bk+tJRQB/9k=', 'permalink': 'https://data-ft-ber-03-2021.slack.com/files/U01S7KCL3DF/F01ULCVAFQ8/whatsapp_image_2021-04-10_at_08.48.09.jpeg', 'permalink_public': 'https://slack-files.com/T01RBRV5F7H-F01ULCVAFQ8-78dd77d78b', 'is_starred': False, 'has_rich_preview': False}]",False,False,,,,music
message,,1620370994.0031,U01RW140HBP,(cough) always helpful to visualise your data,a7f84f57-6f15-451e-a7b3-77a3ac112073,T01RBRV5F7H,T01RBRV5F7H,T01RBRV5F7H,"{'avatar_hash': '4c43a3a8d10b', 'image_72': 'https://avatars.slack-edge.com/2021-03-21/1895736308209_4c43a3a8d10bc2fe5e13_72.png', 'first_name': 'siand', 'real_name': 'siand the LT (she/her)', 'display_name': 'siand the LT (she/her)', 'team': 'T01RBRV5F7H', 'name': 'sian.davies', 'is_restricted': False, 'is_ultra_restricted': False}",,"[{'type': 'rich_text', 'block_id': 'sMDW', 'elements': [{'type': 'rich_text_section', 'elements': [{'type': 'text', 'text': '(cough) always helpful to visualise your data'}]}]}]",,"[{'name': 'grin', 'users': ['U01SK96QF5E'], 'count': 1}]",1620364859.002,,,,,,,,,U01SK96QF5E,,,,,,,music
message,,1620374136.0034,U01SK96QF5E,yes I’m thinking to go back later and expand with some visualisations :slightly_smiling_face:,9bf9a9eb-cb8c-444c-bac6-a1f793f719b2,T01RBRV5F7H,T01RBRV5F7H,T01RBRV5F7H,"{'avatar_hash': '94c1e7ff9e09', 'image_72': 'https://avatars.slack-edge.com/2021-03-21/1883381430979_94c1e7ff9e09a95d14cb_72.jpg', 'first_name': 'Lilla', 'real_name': 'Lilla Szulyovszky', 'display_name': 'lilla', 'team': 'T01RBRV5F7H', 'name': 'lilla.szulyovszky', 'is_restricted': False, 'is_ultra_restricted': False}",,"[{'type': 'rich_text', 'block_id': 'u=ir', 'elements': [{'type': 'rich_text_section', 'elements': [{'type': 'text', 'text': 'yes I’m thinking to go back later and expand with some visualisations '}, {'type': 'emoji', 'name': 'slightly_smiling_face'}]}]}]",,,1620364859.002,,,,,,,,,U01SK96QF5E,,,,,,,music
message,,1620391088.0038,U01S7BM4N81,<https://open.spotify.com/track/471nUwxBLOT5pBjZ8pqaTi?si=fb1c05edcdd343ae>,a5a54a59-355e-4c3d-a369-8552889c6042,T01RBRV5F7H,T01RBRV5F7H,T01RBRV5F7H,"{'avatar_hash': '2adfc641e87e', 'image_72': 'https://avatars.slack-edge.com/2021-04-16/1994438084416_2adfc641e87e3a953d9c_72.png', 'first_name': 'Thamo', 'real_name': 'Thamo', 'display_name': 'Thamo', 'team': 'T01RBRV5F7H', 'name': 'thamokoeper', 'is_restricted': False, 'is_ultra_restricted': False}","[{'service_name': 'Spotify', 'service_url': 'https://spotify.com', 'title': 'Here You Come Again - Recorded at HOB Studios, Toronto', 'title_link': 'https://open.spotify.com/track/471nUwxBLOT5pBjZ8pqaTi?si=fb1c05edcdd343ae', 'thumb_url': 'https://i.scdn.co/image/ab67616d00001e0200bd71ba5d8ecbc3d161f393', 'thumb_width': 300, 'thumb_height': 300, 'fallback': 'Spotify Audio: Here You Come Again - Recorded at HOB Studios, Toronto', 'audio_html': '<iframe width=""300"" height=""380"" allowtransparency=""true"" frameborder=""0"" allow=""encrypted-media"" title=""Spotify Embed: Here You Come Again - Recorded at HOB Studios, Toronto"" src=""https://open.spotify.com/embed/track/471nUwxBLOT5pBjZ8pqaTi?si=fb1c05edcdd343ae""></iframe>', 'audio_html_width': 300, 'audio_html_height': 380, 'from_url': 'https://open.spotify.com/track/471nUwxBLOT5pBjZ8pqaTi?si=fb1c05edcdd343ae', 'service_icon': 'https://a.slack-edge.com/80588/img/unfurl_icons/spotify.png', 'id': 1, 'original_url': 'https://open.spotify.com/track/471nUwxBLOT5pBjZ8pqaTi?si=fb1c05edcdd343ae'}]","[{'type': 'rich_text', 'block_id': 'g=K', 'elements': [{'type': 'rich_text_section', 'elements': [{'type': 'link', 'url': 'https://open.spotify.com/track/471nUwxBLOT5pBjZ8pqaTi?si=fb1c05edcdd343ae'}]}]}]",,"[{'name': 'raised_hands', 'users': ['U01RSRE0N3D'], 'count': 1}]",,,,,,,,,,,,,,,,,music
message,,1620391297.0043,U01S7BM4N81,"Marians recommendation:
<https://open.spotify.com/track/0lYBSQXN6rCTvUZvg9S0lU?si=ce4cc93edff045f8>",5b6eb968-7354-4932-893f-43d91af157dc,T01RBRV5F7H,T01RBRV5F7H,T01RBRV5F7H,"{'avatar_hash': '2adfc641e87e', 'image_72': 'https://avatars.slack-edge.com/2021-04-16/1994438084416_2adfc641e87e3a953d9c_72.png', 'first_name': 'Thamo', 'real_name': 'Thamo', 'display_name': 'Thamo', 'team': 'T01RBRV5F7H', 'name': 'thamokoeper', 'is_restricted': False, 'is_ultra_restricted': False}","[{'service_name': 'Spotify', 'service_url': 'https://spotify.com', 'title': 'Let Me Love You', 'title_link': 'https://open.spotify.com/track/0lYBSQXN6rCTvUZvg9S0lU?si=ce4cc93edff045f8', 'thumb_url': 'https://i.scdn.co/image/ab67616d00001e02212d776c31027c511f0ee3bc', 'thumb_width': 300, 'thumb_height': 300, 'fallback': 'Spotify Audio: Let Me Love You', 'audio_html': '<iframe width=""300"" height=""380"" allowtransparency=""true"" frameborder=""0"" allow=""encrypted-media"" title=""Spotify Embed: Let Me Love You"" src=""https://open.spotify.com/embed/track/0lYBSQXN6rCTvUZvg9S0lU?si=ce4cc93edff045f8""></iframe>', 'audio_html_width': 300, 'audio_html_height': 380, 'from_url': 'https://open.spotify.com/track/0lYBSQXN6rCTvUZvg9S0lU?si=ce4cc93edff045f8', 'service_icon': 'https://a.slack-edge.com/80588/img/unfurl_icons/spotify.png', 'id': 1, 'original_url': 'https://open.spotify.com/track/0lYBSQXN6rCTvUZvg9S0lU?si=ce4cc93edff045f8'}]","[{'type': 'rich_text', 'block_id': 'b8aYv', 'elements': [{'type': 'rich_text_section', 'elements': [{'type': 'text', 'text': 'Marians recommendation:\n'}, {'type': 'link', 'url': 'https://open.spotify.com/track/0lYBSQXN6rCTvUZvg9S0lU?si=ce4cc93edff045f8'}]}]}]",,"[{'name': 'raised_hands', 'users': ['U01RKN0EGDV', 'U01RW140HBP'], 'count': 2}]",,,,,,,,,,,,,,,,,music
message,,1620393726.005,U01S7KCL3DF,"Feed my Frankenstein (Code) :raised_hands:

<https://open.spotify.com/track/7LDTB4kVmrLCU5TqKjZnzm?si=25e44307be4440a7>",7f896af9-9a7b-42aa-b1a2-871626a91b45,T01RBRV5F7H,T01RBRV5F7H,T01RBRV5F7H,"{'avatar_hash': '17b52091bb62', 'image_72': 'https://avatars.slack-edge.com/2021-03-19/1875964347925_17b52091bb62c2340b4c_72.png', 'first_name': 'Sam', 'real_name': 'Sam Katterfield', 'display_name': 'Sam', 'team': 'T01RBRV5F7H', 'name': 'samkatterfield', 'is_restricted': False, 'is_ultra_restricted': False}","[{'service_name': 'Spotify', 'service_url': 'https://spotify.com', 'title': 'Feed My Frankenstein', 'title_link': 'https://open.spotify.com/track/7LDTB4kVmrLCU5TqKjZnzm?si=25e44307be4440a7', 'thumb_url': 'https://i.scdn.co/image/ab67616d00001e020dfeebaf5d196ff2638a3633', 'thumb_width': 300, 'thumb_height': 300, 'fallback': 'Spotify Audio: Feed My Frankenstein', 'audio_html': '<iframe width=""300"" height=""380"" allowtransparency=""true"" frameborder=""0"" allow=""encrypted-media"" title=""Spotify Embed: Feed My Frankenstein"" src=""https://open.spotify.com/embed/track/7LDTB4kVmrLCU5TqKjZnzm?si=25e44307be4440a7""></iframe>', 'audio_html_width': 300, 'audio_html_height': 380, 'from_url': 'https://open.spotify.com/track/7LDTB4kVmrLCU5TqKjZnzm?si=25e44307be4440a7', 'service_icon': 'https://a.slack-edge.com/80588/img/unfurl_icons/spotify.png', 'id': 1, 'original_url': 'https://open.spotify.com/track/7LDTB4kVmrLCU5TqKjZnzm?si=25e44307be4440a7'}]","[{'type': 'rich_text', 'block_id': 'nC=', 'elements': [{'type': 'rich_text_section', 'elements': [{'type': 'text', 'text': 'Feed my Frankenstein (Code) '}, {'type': 'emoji', 'name': 'raised_hands'}, {'type': 'text', 'text': '\n\n'}, {'type': 'link', 'url': 'https://open.spotify.com/track/7LDTB4kVmrLCU5TqKjZnzm?si=25e44307be4440a7'}]}]}]",,"[{'name': 'japanese_ogre', 'users': ['U01RRV4JX6Z'], 'count': 1}]",,,,,,,,,,,,,,,,,music
message,,1620397036.0053,U01RRV4JX6Z,<https://www.youtube.com/watch?v=dx5KnFr9xSk>,b3908680-2076-4e78-a6b4-2befacfb6e8c,T01RBRV5F7H,T01RBRV5F7H,T01RBRV5F7H,"{'avatar_hash': '339c4d69b7d9', 'image_72': 'https://avatars.slack-edge.com/2021-04-14/1961122781618_339c4d69b7d9fe16343a_72.jpg', 'first_name': '', 'real_name': 'Francisco Ebeling', 'display_name': 'Francisco Ebeling', 'team': 'T01RBRV5F7H', 'name': 'ebelingbarros', 'is_restricted': False, 'is_ultra_restricted': False}","[{'service_name': 'YouTube', 'service_url': 'https://www.youtube.com/', 'title': 'Iron Maiden-666 the number of the beast', 'title_link': 'https://www.youtube.com/watch?v=dx5KnFr9xSk', 'author_name': 'xxthexdarkestxsidexx', 'author_link': 'https://www.youtube.com/user/xxthexdarkestxsidexx', 'thumb_url': 'https://i.ytimg.com/vi/dx5KnFr9xSk/hqdefault.jpg', 'thumb_width': 480, 'thumb_height': 360, 'fallback': 'YouTube Video: Iron Maiden-666 the number of the beast', 'video_html': '<iframe width=""400"" height=""300"" src=""https://www.youtube.com/embed/dx5KnFr9xSk?feature=oembed&autoplay=1&iv_load_policy=3"" frameborder=""0"" allow=""accelerometer; autoplay; clipboard-write; encrypted-media; gyroscope; picture-in-picture"" allowfullscreen></iframe>', 'video_html_width': 400, 'video_html_height': 300, 'from_url': 'https://www.youtube.com/watch?v=dx5KnFr9xSk', 'service_icon': 'https://a.slack-edge.com/80588/img/unfurl_icons/youtube.png', 'id': 1, 'original_url': 'https://www.youtube.com/watch?v=dx5KnFr9xSk'}]","[{'type': 'rich_text', 'block_id': 'wgVha', 'elements': [{'type': 'rich_text_section', 'elements': [{'type': 'link', 'url': 'https://www.youtube.com/watch?v=dx5KnFr9xSk'}]}]}]",,"[{'name': 'raised_hands', 'users': ['U01RW2X7S9Z'], 'count': 1}]",,,,,,,,,,,,,,,,,music
message,,1620397163.0057,U01RW140HBP,gah! what has happened to this channel,849e0588-c53a-467f-8578-ab038fc058ef,T01RBRV5F7H,T01RBRV5F7H,T01RBRV5F7H,"{'avatar_hash': '4c43a3a8d10b', 'image_72': 'https://avatars.slack-edge.com/2021-03-21/1895736308209_4c43a3a8d10bc2fe5e13_72.png', 'first_name': 'siand', 'real_name': 'siand the LT (she/her)', 'display_name': 'siand the LT (she/her)', 'team': 'T01RBRV5F7H', 'name': 'sian.davies', 'is_restricted': False, 'is_ultra_restricted': False}",,"[{'type': 'rich_text', 'block_id': 'qlAM', 'elements': [{'type': 'rich_text_section', 'elements': [{'type': 'text', 'text': 'gah! what has happened to this channel'}]}]}]",,,,,,,,,,,,,,,,,,,music
message,,1620397185.0059,U01RW140HBP,headbanger,,T01RBRV5F7H,,,,,"[{'type': 'image', 'block_id': 'y9K', 'image_url': 'https://media2.giphy.com/media/fKwpeyXg2rBPa/giphy.gif?cid=6104955ec93ff06de6da346d2a41d6309da81a88efde44a7&rid=giphy.gif&ct=g&cid=6104955ec93ff06de6da346d2a41d6309da81a88efde44a7&rid=giphy.gif&ct=g', 'alt_text': 'headbanger', 'title': {'type': 'plain_text', 'text': 'headbanger', 'emoji': True}, 'fallback': '360x270px image', 'image_width': 360, 'image_height': 270, 'image_bytes': 734442, 'is_animated': True}, {'type': 'context', 'block_id': 'uHYZ', 'elements': [{'type': 'image', 'image_url': 'https://a.slack-edge.com/dc483/img/plugins/giphy/service_32.png', 'alt_text': 'giphy logo'}, {'type': 'mrkdwn', 'text': 'Posted using /giphy', 'verbatim': False}]}]",,"[{'name': 'joy', 'users': ['U01RSRE0N3D', 'U01RRV4JX6Z'], 'count': 2}, {'name': 'dimitri', 'users': ['U01RW2X7S9Z', 'U01S7BM4N81'], 'count': 2}]",1620397185.0059,1.0,1.0,1620399836.0065,['U01S7KCL3DF'],"[{'user': 'U01S7KCL3DF', 'ts': '1620399836.006500'}]",0.0,0.0,,,,,,B01S7FSR36Y,"{'id': 'B01S7FSR36Y', 'deleted': False, 'name': 'giphy', 'updated': 1616421896, 'app_id': 'A0F827J2C', 'icons': {'image_36': 'https://a.slack-edge.com/dc483/img/plugins/giphy/service_72.png', 'image_48': 'https://a.slack-edge.com/dc483/img/plugins/giphy/service_48.png', 'image_72': 'https://a.slack-edge.com/dc483/img/plugins/giphy/service_72.png'}, 'team_id': 'T01RBRV5F7H'}",,music
message,,1620399836.0065,U01S7KCL3DF,"<https://www.youtube.com/watch?v=Y8eL_DB-xBo&amp;ab_channel=LanePittman>

MURICCUUHHH :us:  :eagle:",f0c8f9e4-f339-40f8-bb88-b72a3b33c079,T01RBRV5F7H,T01RBRV5F7H,T01RBRV5F7H,"{'avatar_hash': '17b52091bb62', 'image_72': 'https://avatars.slack-edge.com/2021-03-19/1875964347925_17b52091bb62c2340b4c_72.png', 'first_name': 'Sam', 'real_name': 'Sam Katterfield', 'display_name': 'Sam', 'team': 'T01RBRV5F7H', 'name': 'samkatterfield', 'is_restricted': False, 'is_ultra_restricted': False}","[{'service_name': 'YouTube', 'service_url': 'https://www.youtube.com/', 'title': 'Hurricane Matthew Meets Slayer', 'title_link': 'https://www.youtube.com/watch?v=Y8eL_DB-xBo&amp;ab_channel=LanePittman', 'author_name': 'Lane Pittman', 'author_link': 'https://www.youtube.com/c/LanePittmanFromHereToFreedom', 'thumb_url': 'https://i.ytimg.com/vi/Y8eL_DB-xBo/hqdefault.jpg', 'thumb_width': 480, 'thumb_height': 360, 'fallback': 'YouTube Video: Hurricane Matthew Meets Slayer', 'video_html': '<iframe width=""400"" height=""225"" src=""https://www.youtube.com/embed/Y8eL_DB-xBo?feature=oembed&autoplay=1&iv_load_policy=3"" frameborder=""0"" allow=""accelerometer; autoplay; clipboard-write; encrypted-media; gyroscope; picture-in-picture"" allowfullscreen></iframe>', 'video_html_width': 400, 'video_html_height': 225, 'from_url': 'https://www.youtube.com/watch?v=Y8eL_DB-xBo&amp;ab_channel=LanePittman', 'service_icon': 'https://a.slack-edge.com/80588/img/unfurl_icons/youtube.png', 'id': 1, 'original_url': 'https://www.youtube.com/watch?v=Y8eL_DB-xBo&amp;ab_channel=LanePittman'}]","[{'type': 'rich_text', 'block_id': 'xn1D', 'elements': [{'type': 'rich_text_section', 'elements': [{'type': 'link', 'url': 'https://www.youtube.com/watch?v=Y8eL_DB-xBo&ab_channel=LanePittman'}, {'type': 'text', 'text': '\n\nMURICCUUHHH '}, {'type': 'emoji', 'name': 'us'}, {'type': 'text', 'text': '  '}, {'type': 'emoji', 'name': 'eagle'}]}]}]",,,1620397185.0059,,,,,,,,,U01RW140HBP,,,,,,,music
message,,1620407933.0069,U01RRV4JX6Z,<https://youtu.be/6gqH9OIm05E|https://youtu.be/6gqH9OIm05E>,e1c39a57-f417-4a78-9fc3-7297207857ff,T01RBRV5F7H,T01RBRV5F7H,T01RBRV5F7H,"{'avatar_hash': '339c4d69b7d9', 'image_72': 'https://avatars.slack-edge.com/2021-04-14/1961122781618_339c4d69b7d9fe16343a_72.jpg', 'first_name': '', 'real_name': 'Francisco Ebeling', 'display_name': 'Francisco Ebeling', 'team': 'T01RBRV5F7H', 'name': 'ebelingbarros', 'is_restricted': False, 'is_ultra_restricted': False}","[{'service_name': 'YouTube', 'service_url': 'https://www.youtube.com/', 'title': 'Ricky Martin - Vida ft. Dream Team do Passinho (Videoclipe)', 'title_link': 'https://youtu.be/6gqH9OIm05E', 'author_name': 'DTdoPassinhoVEVO', 'author_link': 'https://www.youtube.com/user/DTdoPassinhoVEVO', 'thumb_url': 'https://i.ytimg.com/vi/6gqH9OIm05E/hqdefault.jpg', 'thumb_width': 480, 'thumb_height': 360, 'fallback': 'YouTube Video: Ricky Martin - Vida ft. Dream Team do Passinho (Videoclipe)', 'video_html': '<iframe width=""400"" height=""225"" src=""https://www.youtube.com/embed/6gqH9OIm05E?feature=oembed&autoplay=1&iv_load_policy=3"" frameborder=""0"" allow=""accelerometer; autoplay; clipboard-write; encrypted-media; gyroscope; picture-in-picture"" allowfullscreen></iframe>', 'video_html_width': 400, 'video_html_height': 225, 'from_url': 'https://youtu.be/6gqH9OIm05E', 'service_icon': 'https://a.slack-edge.com/80588/img/unfurl_icons/youtube.png', 'id': 1, 'original_url': 'https://youtu.be/6gqH9OIm05E'}]","[{'type': 'rich_text', 'block_id': '41PDt', 'elements': [{'type': 'rich_text_section', 'elements': [{'type': 'link', 'url': 'https://youtu.be/6gqH9OIm05E', 'text': 'https://youtu.be/6gqH9OIm05E'}]}]}]",,,,,,,,,,,,,,,,,,,music
message,,1620409256.0071,U01RRV4JX6Z,"<@U01SK96QF5E>, thanks for having posted this! It gave me the inspiration to improve my work... :)",c9bd8154-14d7-4570-a8b5-42cbe1f4ee69,T01RBRV5F7H,T01RBRV5F7H,T01RBRV5F7H,"{'avatar_hash': '339c4d69b7d9', 'image_72': 'https://avatars.slack-edge.com/2021-04-14/1961122781618_339c4d69b7d9fe16343a_72.jpg', 'first_name': '', 'real_name': 'Francisco Ebeling', 'display_name': 'Francisco Ebeling', 'team': 'T01RBRV5F7H', 'name': 'ebelingbarros', 'is_restricted': False, 'is_ultra_restricted': False}",,"[{'type': 'rich_text', 'block_id': 'PD/he', 'elements': [{'type': 'rich_text_section', 'elements': [{'type': 'user', 'user_id': 'U01SK96QF5E'}, {'type': 'text', 'text': ', thanks for having posted this! It gave me the inspiration to improve my work... :)'}]}]}]",,,1620364859.002,,,,,,,,,U01SK96QF5E,,,,,,,music
message,,1620410508.0081,U01SK96QF5E,You’re very welcome:slightly_smiling_face: glad I could contribute!,E087BAEB-2DEA-4050-800C-C82F43DC7EAC,T01RBRV5F7H,T01RBRV5F7H,T01RBRV5F7H,"{'avatar_hash': '94c1e7ff9e09', 'image_72': 'https://avatars.slack-edge.com/2021-03-21/1883381430979_94c1e7ff9e09a95d14cb_72.jpg', 'first_name': 'Lilla', 'real_name': 'Lilla Szulyovszky', 'display_name': 'lilla', 'team': 'T01RBRV5F7H', 'name': 'lilla.szulyovszky', 'is_restricted': False, 'is_ultra_restricted': False}",,"[{'type': 'rich_text', 'block_id': 'P7HMT', 'elements': [{'type': 'rich_text_section', 'elements': [{'type': 'text', 'text': 'You’re very welcome'}, {'type': 'emoji', 'name': 'slightly_smiling_face'}, {'type': 'text', 'text': ' glad I could contribute!'}]}]}]",,,1620364859.002,,,,,,,,,U01SK96QF5E,,,,,,,music
message,,1620654168.0004,U01RW140HBP,learn tableau and enjoy music in one go ? yes please <https://learn.toanhoang.com/courses/tableau-with-music>,06b7c769-21d7-4ef2-8c69-b1d05b189874,T01RBRV5F7H,T01RBRV5F7H,T01RBRV5F7H,"{'avatar_hash': '4c43a3a8d10b', 'image_72': 'https://avatars.slack-edge.com/2021-03-21/1895736308209_4c43a3a8d10bc2fe5e13_72.png', 'first_name': 'siand', 'real_name': 'siand the LT (she/her)', 'display_name': 'siand the LT (she/her)', 'team': 'T01RBRV5F7H', 'name': 'sian.davies', 'is_restricted': False, 'is_ultra_restricted': False}","[{'service_name': 'Upskilling in Data Analytics and Visualization', 'title': 'Tableau with Music', 'title_link': 'https://learn.toanhoang.com/courses/tableau-with-music', 'text': 'This is my Tableau with Music series where I build some amazing data visualisations to a fine selection of music', 'fallback': 'Upskilling in Data Analytics and Visualization: Tableau with Music', 'image_url': 'https://import.cdn.thinkific.com/199424/courses/1180199/lpO6yJ9VQKq0p31hoIou_c-d-x-PDX_a_82obo-unsplash.jpg', 'from_url': 'https://learn.toanhoang.com/courses/tableau-with-music', 'image_width': 375, 'image_height': 250, 'image_bytes': 673051, 'service_icon': 'https://import.cdn.thinkific.com/199424/zh2sj9jQtSFUyIRFg3K2_icons8_combo_chart_64_png', 'id': 1, 'original_url': 'https://learn.toanhoang.com/courses/tableau-with-music'}]","[{'type': 'rich_text', 'block_id': 'fg0', 'elements': [{'type': 'rich_text_section', 'elements': [{'type': 'text', 'text': 'learn tableau and enjoy music in one go ? yes please '}, {'type': 'link', 'url': 'https://learn.toanhoang.com/courses/tableau-with-music'}]}]}]",,"[{'name': 'raised_hands', 'users': ['U01RXCQHMHT', 'U01RKN0EGDV'], 'count': 2}]",,,,,,,,,,,,,,,,,music
message,,1620294883.0078,U01S7KCL3DF,"Inertia

<https://www.youtube.com/watch?v=ZE2CCGDYemk&amp;ab_channel=xEndOfEverything>",6c7fa322-cbf8-4431-a5d9-a4426f9d2a5d,T01RBRV5F7H,T01RBRV5F7H,T01RBRV5F7H,"{'avatar_hash': '17b52091bb62', 'image_72': 'https://avatars.slack-edge.com/2021-03-19/1875964347925_17b52091bb62c2340b4c_72.png', 'first_name': 'Sam', 'real_name': 'Sam Katterfield', 'display_name': 'Sam', 'team': 'T01RBRV5F7H', 'name': 'samkatterfield', 'is_restricted': False, 'is_ultra_restricted': False}",,"[{'type': 'rich_text', 'block_id': 'vlS7', 'elements': [{'type': 'rich_text_section', 'elements': [{'type': 'text', 'text': 'Inertia\n\n'}, {'type': 'link', 'url': 'https://www.youtube.com/watch?v=ZE2CCGDYemk&ab_channel=xEndOfEverything'}]}]}]","{'user': 'U01S7KCL3DF', 'ts': '1620294901.000000'}",,1620294883.0078,6.0,2.0,1620370402.0027,"['U01SK96QF5E', 'U01S7KCL3DF']","[{'user': 'U01SK96QF5E', 'ts': '1620297859.009100'}, {'user': 'U01S7KCL3DF', 'ts': '1620298296.009400'}, {'user': 'U01S7KCL3DF', 'ts': '1620299641.009600'}, {'user': 'U01SK96QF5E', 'ts': '1620300821.010500'}, {'user': 'U01SK96QF5E', 'ts': '1620365943.002100'}, {'user': 'U01S7KCL3DF', 'ts': '1620370402.002700'}]",0.0,0.0,,,,,,,,,music
message,,1620297859.0091,U01SK96QF5E,Ahh Mars Volta :heart_eyes: I remember when The widow came out.. it was on repeat for weeks if not months,27AFAE1E-97A2-43B1-9519-A83E29BFA782,T01RBRV5F7H,T01RBRV5F7H,T01RBRV5F7H,"{'avatar_hash': '94c1e7ff9e09', 'image_72': 'https://avatars.slack-edge.com/2021-03-21/1883381430979_94c1e7ff9e09a95d14cb_72.jpg', 'first_name': 'Lilla', 'real_name': 'Lilla Szulyovszky', 'display_name': 'lilla', 'team': 'T01RBRV5F7H', 'name': 'lilla.szulyovszky', 'is_restricted': False, 'is_ultra_restricted': False}",,"[{'type': 'rich_text', 'block_id': 'GZH', 'elements': [{'type': 'rich_text_section', 'elements': [{'type': 'text', 'text': 'Ahh Mars Volta '}, {'type': 'emoji', 'name': 'heart_eyes'}, {'type': 'text', 'text': ' I remember when The widow came out.. it was on repeat for weeks if not months'}]}]}]",,"[{'name': 'man_dancing', 'users': ['U01S7KCL3DF'], 'count': 1}]",1620294883.0078,,,,,,,,,U01S7KCL3DF,,,,,,,music
message,,1620298296.0094,U01S7KCL3DF,cool! i think i went to the same tour as in this video :older_man:,c99c0660-b760-400e-94a2-3c23177cf7bd,T01RBRV5F7H,T01RBRV5F7H,T01RBRV5F7H,"{'avatar_hash': '17b52091bb62', 'image_72': 'https://avatars.slack-edge.com/2021-03-19/1875964347925_17b52091bb62c2340b4c_72.png', 'first_name': 'Sam', 'real_name': 'Sam Katterfield', 'display_name': 'Sam', 'team': 'T01RBRV5F7H', 'name': 'samkatterfield', 'is_restricted': False, 'is_ultra_restricted': False}",,"[{'type': 'rich_text', 'block_id': 'qAohq', 'elements': [{'type': 'rich_text_section', 'elements': [{'type': 'text', 'text': 'cool! i think i went to the same tour as in this video '}, {'type': 'emoji', 'name': 'older_man'}]}]}]",,,1620294883.0078,,,,,,,,,U01S7KCL3DF,,,,,,,music
message,,1620299641.0096,U01S7KCL3DF,"<https://www.youtube.com/watch?v=w3mn7EC-skg&amp;ab_channel=MassiveAttackVEVO>

ok i’m out of Inertia songs",93e28c94-d364-488d-a9c3-8f08c7466378,T01RBRV5F7H,T01RBRV5F7H,T01RBRV5F7H,"{'avatar_hash': '17b52091bb62', 'image_72': 'https://avatars.slack-edge.com/2021-03-19/1875964347925_17b52091bb62c2340b4c_72.png', 'first_name': 'Sam', 'real_name': 'Sam Katterfield', 'display_name': 'Sam', 'team': 'T01RBRV5F7H', 'name': 'samkatterfield', 'is_restricted': False, 'is_ultra_restricted': False}","[{'service_name': 'YouTube', 'service_url': 'https://www.youtube.com/', 'title': 'Massive Attack - Inertia Creeps', 'title_link': 'https://www.youtube.com/watch?v=w3mn7EC-skg&amp;ab_channel=MassiveAttackVEVO', 'author_name': 'MassiveAttackVEVO', 'author_link': 'https://www.youtube.com/user/MassiveAttackVEVO', 'thumb_url': 'https://i.ytimg.com/vi/w3mn7EC-skg/hqdefault.jpg', 'thumb_width': 480, 'thumb_height': 360, 'fallback': 'YouTube Video: Massive Attack - Inertia Creeps', 'video_html': '<iframe width=""400"" height=""300"" src=""https://www.youtube.com/embed/w3mn7EC-skg?feature=oembed&autoplay=1&iv_load_policy=3"" frameborder=""0"" allow=""accelerometer; autoplay; clipboard-write; encrypted-media; gyroscope; picture-in-picture"" allowfullscreen></iframe>', 'video_html_width': 400, 'video_html_height': 300, 'from_url': 'https://www.youtube.com/watch?v=w3mn7EC-skg&amp;ab_channel=MassiveAttackVEVO', 'service_icon': 'https://a.slack-edge.com/80588/img/unfurl_icons/youtube.png', 'id': 1, 'original_url': 'https://www.youtube.com/watch?v=w3mn7EC-skg&amp;ab_channel=MassiveAttackVEVO'}]","[{'type': 'rich_text', 'block_id': 'uo+/', 'elements': [{'type': 'rich_text_section', 'elements': [{'type': 'link', 'url': 'https://www.youtube.com/watch?v=w3mn7EC-skg&ab_channel=MassiveAttackVEVO'}, {'type': 'text', 'text': '\n\nok i’m out of Inertia songs'}]}]}]",,,1620294883.0078,,,,,,,,,U01S7KCL3DF,,,,,,,music
message,,1620300821.0105,U01SK96QF5E,I was expecting this emoji :white_haired_man::skin-tone-2:,576E3373-E6BB-4145-9EE9-2B0FA7F480A1,T01RBRV5F7H,T01RBRV5F7H,T01RBRV5F7H,"{'avatar_hash': '94c1e7ff9e09', 'image_72': 'https://avatars.slack-edge.com/2021-03-21/1883381430979_94c1e7ff9e09a95d14cb_72.jpg', 'first_name': 'Lilla', 'real_name': 'Lilla Szulyovszky', 'display_name': 'lilla', 'team': 'T01RBRV5F7H', 'name': 'lilla.szulyovszky', 'is_restricted': False, 'is_ultra_restricted': False}",,"[{'type': 'rich_text', 'block_id': '=gyF3', 'elements': [{'type': 'rich_text_section', 'elements': [{'type': 'text', 'text': 'I was expecting this emoji '}, {'type': 'emoji', 'name': 'white_haired_man', 'skin_tone': 2}]}]}]",,,1620294883.0078,,,,,,,,,U01S7KCL3DF,,,,,,,music
message,,1620305981.0108,U01RW2X7S9Z,"Marian might know what cafe this playlist comes from

<https://open.spotify.com/playlist/4vB1Rr4mJ7iRnG9XquO7t1?si=3c6675fa2f844efa>",6f5f0c50-d4f2-47ae-96be-af135341466f,T01RBRV5F7H,T01RBRV5F7H,T01RBRV5F7H,"{'avatar_hash': '7e12d75d168a', 'image_72': 'https://avatars.slack-edge.com/2021-03-19/1880105796643_7e12d75d168ae25c167d_72.jpg', 'first_name': 'Alexandre', 'real_name': 'Alexandre Sommerkamp', 'display_name': 'Alexandre Sommerkamp', 'team': 'T01RBRV5F7H', 'name': 'alex.c.skp', 'is_restricted': False, 'is_ultra_restricted': False}","[{'service_name': 'Spotify', 'service_url': 'https://spotify.com', 'title': 'TOMA CAFÉ SOUND', 'title_link': 'https://open.spotify.com/playlist/4vB1Rr4mJ7iRnG9XquO7t1?si=3c6675fa2f844efa', 'thumb_url': 'https://mosaic.scdn.co/300/ab67616d0000b2735f34565cbd294cf7a3c56ef8ab67616d0000b2736006f72adb5ffe7b4b02daddab67616d0000b2739d9171a7f04b3c52dc7f7455ab67616d0000b273b4ea6997c13c809ec2a5749d', 'thumb_width': 300, 'thumb_height': 300, 'fallback': 'Spotify Audio: TOMA CAFÉ SOUND', 'audio_html': '<iframe width=""300"" height=""380"" allowtransparency=""true"" frameborder=""0"" allow=""encrypted-media"" title=""Spotify Embed: TOMA CAFÉ SOUND"" src=""https://open.spotify.com/embed/playlist/4vB1Rr4mJ7iRnG9XquO7t1?si=3c6675fa2f844efa""></iframe>', 'audio_html_width': 300, 'audio_html_height': 380, 'from_url': 'https://open.spotify.com/playlist/4vB1Rr4mJ7iRnG9XquO7t1?si=3c6675fa2f844efa', 'service_icon': 'https://a.slack-edge.com/80588/img/unfurl_icons/spotify.png', 'id': 1, 'original_url': 'https://open.spotify.com/playlist/4vB1Rr4mJ7iRnG9XquO7t1?si=3c6675fa2f844efa'}]","[{'type': 'rich_text', 'block_id': 'DfJP', 'elements': [{'type': 'rich_text_section', 'elements': [{'type': 'text', 'text': 'Marian might know what cafe this playlist comes from\n\n'}, {'type': 'link', 'url': 'https://open.spotify.com/playlist/4vB1Rr4mJ7iRnG9XquO7t1?si=3c6675fa2f844efa'}]}]}]","{'user': 'U01RW2X7S9Z', 'ts': '1620306011.000000'}",,,,,,,,,,,,,,,,,,music
message,,1620364859.002,U01SK96QF5E,loved this music related visual from another music recommender project. helped me understand why I don’t like recent tunes and prefer the old ones :slightly_smiling_face: <https://towardsdatascience.com/how-to-build-an-amazing-music-recommendation-system-4cce2719a572>,,,,,,,"[{'type': 'rich_text', 'block_id': 'eWCK', 'elements': [{'type': 'rich_text_section', 'elements': [{'type': 'text', 'text': 'loved this music related visual from another music recommender project. helped me understand why I don’t like recent tunes and prefer the old ones '}, {'type': 'emoji', 'name': 'slightly_smiling_face'}, {'type': 'text', 'text': ' '}, {'type': 'link', 'url': 'https://towardsdatascience.com/how-to-build-an-amazing-music-recommendation-system-4cce2719a572'}]}]}]",,"[{'name': 'raised_hands', 'users': ['U01RRV4JX6Z', 'U01RXCQHMHT', 'U01S7KCL3DF', 'U01S7BM4N81'], 'count': 4}, {'name': 'flushed', 'users': ['U01S0E0MRJ7'], 'count': 1}]",1620364859.002,5.0,3.0,1620410508.0081,"['U01RRV4JX6Z', 'U01RW140HBP', 'U01SK96QF5E']","[{'user': 'U01RRV4JX6Z', 'ts': '1620370563.002900'}, {'user': 'U01RW140HBP', 'ts': '1620370994.003100'}, {'user': 'U01SK96QF5E', 'ts': '1620374136.003400'}, {'user': 'U01RRV4JX6Z', 'ts': '1620409256.007100'}, {'user': 'U01SK96QF5E', 'ts': '1620410508.008100'}]",0.0,0.0,,,"[{'id': 'F021K5Z1VH7', 'created': 1620364733, 'timestamp': 1620364733, 'name': 'Screenshot 2021-05-07 at 07.14.33.png', 'title': 'Screenshot 2021-05-07 at 07.14.33.png', 'mimetype': 'image/png', 'filetype': 'png', 'pretty_type': 'PNG', 'user': 'U01SK96QF5E', 'editable': False, 'size': 609631, 'mode': 'hosted', 'is_external': False, 'external_type': '', 'is_public': True, 'public_url_shared': False, 'display_as_bot': False, 'username': '', 'url_private': 'https://files.slack.com/files-pri/T01RBRV5F7H-F021K5Z1VH7/screenshot_2021-05-07_at_07.14.33.png?t=xoxe-1861879185255-2068564688150-2068564727718-519dfbdd8f50e154f7dac1ab76bfc0d2', 'url_private_download': 'https://files.slack.com/files-pri/T01RBRV5F7H-F021K5Z1VH7/download/screenshot_2021-05-07_at_07.14.33.png?t=xoxe-1861879185255-2068564688150-2068564727718-519dfbdd8f50e154f7dac1ab76bfc0d2', 'thumb_64': 'https://files.slack.com/files-tmb/T01RBRV5F7H-F021K5Z1VH7-9a62f13c88/screenshot_2021-05-07_at_07.14.33_64.png?t=xoxe-1861879185255-2068564688150-2068564727718-519dfbdd8f50e154f7dac1ab76bfc0d2', 'thumb_80': 'https://files.slack.com/files-tmb/T01RBRV5F7H-F021K5Z1VH7-9a62f13c88/screenshot_2021-05-07_at_07.14.33_80.png?t=xoxe-1861879185255-2068564688150-2068564727718-519dfbdd8f50e154f7dac1ab76bfc0d2', 'thumb_360': 'https://files.slack.com/files-tmb/T01RBRV5F7H-F021K5Z1VH7-9a62f13c88/screenshot_2021-05-07_at_07.14.33_360.png?t=xoxe-1861879185255-2068564688150-2068564727718-519dfbdd8f50e154f7dac1ab76bfc0d2', 'thumb_360_w': 360, 'thumb_360_h': 246, 'thumb_480': 'https://files.slack.com/files-tmb/T01RBRV5F7H-F021K5Z1VH7-9a62f13c88/screenshot_2021-05-07_at_07.14.33_480.png?t=xoxe-1861879185255-2068564688150-2068564727718-519dfbdd8f50e154f7dac1ab76bfc0d2', 'thumb_480_w': 480, 'thumb_480_h': 328, 'thumb_160': 'https://files.slack.com/files-tmb/T01RBRV5F7H-F021K5Z1VH7-9a62f13c88/screenshot_2021-05-07_at_07.14.33_160.png?t=xoxe-1861879185255-2068564688150-2068564727718-519dfbdd8f50e154f7dac1ab76bfc0d2', 'thumb_720': 'https://files.slack.com/files-tmb/T01RBRV5F7H-F021K5Z1VH7-9a62f13c88/screenshot_2021-05-07_at_07.14.33_720.png?t=xoxe-1861879185255-2068564688150-2068564727718-519dfbdd8f50e154f7dac1ab76bfc0d2', 'thumb_720_w': 720, 'thumb_720_h': 492, 'thumb_800': 'https://files.slack.com/files-tmb/T01RBRV5F7H-F021K5Z1VH7-9a62f13c88/screenshot_2021-05-07_at_07.14.33_800.png?t=xoxe-1861879185255-2068564688150-2068564727718-519dfbdd8f50e154f7dac1ab76bfc0d2', 'thumb_800_w': 800, 'thumb_800_h': 547, 'thumb_960': 'https://files.slack.com/files-tmb/T01RBRV5F7H-F021K5Z1VH7-9a62f13c88/screenshot_2021-05-07_at_07.14.33_960.png?t=xoxe-1861879185255-2068564688150-2068564727718-519dfbdd8f50e154f7dac1ab76bfc0d2', 'thumb_960_w': 960, 'thumb_960_h': 657, 'thumb_1024': 'https://files.slack.com/files-tmb/T01RBRV5F7H-F021K5Z1VH7-9a62f13c88/screenshot_2021-05-07_at_07.14.33_1024.png?t=xoxe-1861879185255-2068564688150-2068564727718-519dfbdd8f50e154f7dac1ab76bfc0d2', 'thumb_1024_w': 1024, 'thumb_1024_h': 700, 'original_w': 1462, 'original_h': 1000, 'thumb_tiny': 'AwAgADDSY7Rmk3ikkPy0gxTAfuo3UzIFGaAH59qAQaReaUA0gEccUzknOKlIzTdtMBvFLml2+tG2gAXrTqQDBpaQH//Z', 'permalink': 'https://data-ft-ber-03-2021.slack.com/files/U01SK96QF5E/F021K5Z1VH7/screenshot_2021-05-07_at_07.14.33.png', 'permalink_public': 'https://slack-files.com/T01RBRV5F7H-F021K5Z1VH7-cfb6cf2670', 'is_starred': False, 'has_rich_preview': False}]",0.0,0.0,,,,music
message,,1620365943.0021,U01SK96QF5E,okay The Widow was on repeat last night again :see_no_evil: so many memories..,bc3cbd4c-cb11-47c7-9a9f-ce40be0af091,T01RBRV5F7H,T01RBRV5F7H,T01RBRV5F7H,"{'avatar_hash': '94c1e7ff9e09', 'image_72': 'https://avatars.slack-edge.com/2021-03-21/1883381430979_94c1e7ff9e09a95d14cb_72.jpg', 'first_name': 'Lilla', 'real_name': 'Lilla Szulyovszky', 'display_name': 'lilla', 'team': 'T01RBRV5F7H', 'name': 'lilla.szulyovszky', 'is_restricted': False, 'is_ultra_restricted': False}",,"[{'type': 'rich_text', 'block_id': 'gUgQt', 'elements': [{'type': 'rich_text_section', 'elements': [{'type': 'text', 'text': 'okay The Widow was on repeat last night again '}, {'type': 'emoji', 'name': 'see_no_evil'}, {'type': 'text', 'text': ' so many memories..'}]}]}]",,,1620294883.0078,,,,,,,,,U01S7KCL3DF,,,,,,,music
message,,1620370402.0027,U01S7KCL3DF,Sounds like a wild night in Budapest :dancer:.... I had Mezzanine on,edb849a0-204b-493d-ae51-614cf44700b0,T01RBRV5F7H,T01RBRV5F7H,T01RBRV5F7H,"{'avatar_hash': '17b52091bb62', 'image_72': 'https://avatars.slack-edge.com/2021-03-19/1875964347925_17b52091bb62c2340b4c_72.png', 'first_name': 'Sam', 'real_name': 'Sam Katterfield', 'display_name': 'Sam', 'team': 'T01RBRV5F7H', 'name': 'samkatterfield', 'is_restricted': False, 'is_ultra_restricted': False}",,"[{'type': 'rich_text', 'block_id': '+VKNW', 'elements': [{'type': 'rich_text_section', 'elements': [{'type': 'text', 'text': 'Sounds like a wild night in Budapest '}, {'type': 'emoji', 'name': 'dancer'}, {'type': 'text', 'text': '.... I had Mezzanine on'}]}]}]",,,1620294883.0078,,,,,,,,,U01S7KCL3DF,,,,,,,music
message,,1620370563.0029,U01RRV4JX6Z,I would never have thought of producing such a graph! I was so concentrated in making the code work...,a5ec6875-fa55-41dc-9d1f-1fd096ec2b9f,T01RBRV5F7H,T01RBRV5F7H,T01RBRV5F7H,"{'avatar_hash': '339c4d69b7d9', 'image_72': 'https://avatars.slack-edge.com/2021-04-14/1961122781618_339c4d69b7d9fe16343a_72.jpg', 'first_name': '', 'real_name': 'Francisco Ebeling', 'display_name': 'Francisco Ebeling', 'team': 'T01RBRV5F7H', 'name': 'ebelingbarros', 'is_restricted': False, 'is_ultra_restricted': False}",,"[{'type': 'rich_text', 'block_id': '8PBj', 'elements': [{'type': 'rich_text_section', 'elements': [{'type': 'text', 'text': 'I would never have thought of producing such a graph! I was so concentrated in making the code work...'}]}]}]",,,1620364859.002,,,,,,,,,U01SK96QF5E,,,,,,,music
message,,1617794145.0003,U01S7KCL3DF,"let's get in the mood for some Ranking :musical_note:

<https://www.youtube.com/watch?v=joh37lrvf-s&amp;ab_channel=viktortik>",b6c544d0-6b28-4222-863d-0c0bdfa00ca4,T01RBRV5F7H,T01RBRV5F7H,T01RBRV5F7H,"{'avatar_hash': '17b52091bb62', 'image_72': 'https://avatars.slack-edge.com/2021-03-19/1875964347925_17b52091bb62c2340b4c_72.png', 'first_name': 'Sam', 'real_name': 'Sam Katterfield', 'display_name': 'Sam', 'team': 'T01RBRV5F7H', 'name': 'samkatterfield', 'is_restricted': False, 'is_ultra_restricted': False}","[{'service_name': 'YouTube', 'service_url': 'https://www.youtube.com/', 'title': 'Althea &amp; Donna - Uptown Top Ranking', 'title_link': 'https://www.youtube.com/watch?v=joh37lrvf-s&amp;ab_channel=viktortik', 'author_name': 'viktortik', 'author_link': 'https://www.youtube.com/user/viktortik', 'thumb_url': 'https://i.ytimg.com/vi/joh37lrvf-s/hqdefault.jpg', 'thumb_width': 480, 'thumb_height': 360, 'fallback': 'YouTube Video: Althea & Donna - Uptown Top Ranking', 'video_html': '<iframe width=""400"" height=""300"" src=""https://www.youtube.com/embed/joh37lrvf-s?feature=oembed&autoplay=1&iv_load_policy=3"" frameborder=""0"" allow=""accelerometer; autoplay; clipboard-write; encrypted-media; gyroscope; picture-in-picture"" allowfullscreen></iframe>', 'video_html_width': 400, 'video_html_height': 300, 'from_url': 'https://www.youtube.com/watch?v=joh37lrvf-s&amp;ab_channel=viktortik', 'service_icon': 'https://a.slack-edge.com/80588/img/unfurl_icons/youtube.png', 'id': 1, 'original_url': 'https://www.youtube.com/watch?v=joh37lrvf-s&amp;ab_channel=viktortik'}]","[{'type': 'rich_text', 'block_id': 'dbB', 'elements': [{'type': 'rich_text_section', 'elements': [{'type': 'text', 'text': ""let's get in the mood for some Ranking ""}, {'type': 'emoji', 'name': 'musical_note'}, {'type': 'text', 'text': '\n\n'}, {'type': 'link', 'url': 'https://www.youtube.com/watch?v=joh37lrvf-s&ab_channel=viktortik'}]}]}]",,"[{'name': 'dancing_dog', 'users': ['U01RSRE0N3D'], 'count': 1}, {'name': 'ear', 'users': ['U01SK96QF5E'], 'count': 1}]",,,,,,,,,,,,,,,,,music
message,,1617806601.0008,U01S7BM4N81,<https://soundcloud.com/leonlicht/licht-foolik-berliner-luft-x-lokd-viertel-klub-basel-28-7-18>,2d223914-6650-4209-a8a9-eafa3953e30b,T01RBRV5F7H,T01RBRV5F7H,T01RBRV5F7H,"{'avatar_hash': '2adfc641e87e', 'image_72': 'https://avatars.slack-edge.com/2021-04-16/1994438084416_2adfc641e87e3a953d9c_72.png', 'first_name': 'Thamo', 'real_name': 'Thamo', 'display_name': 'Thamo', 'team': 'T01RBRV5F7H', 'name': 'thamokoeper', 'is_restricted': False, 'is_ultra_restricted': False}","[{'service_name': 'SoundCloud', 'service_url': 'https://soundcloud.com', 'title': 'Licht &amp; Foolik - Berliner Luft X LOKD - Viertel Klub Basel 28-7-18 by Leon Licht (Sisyphos)', 'title_link': 'https://soundcloud.com/leonlicht/licht-foolik-berliner-luft-x-lokd-viertel-klub-basel-28-7-18', 'author_name': 'Leon Licht (Sisyphos)', 'author_link': 'https://soundcloud.com/leonlicht', 'thumb_url': 'https://i1.sndcdn.com/artworks-000381428763-flxgd2-t500x500.jpg', 'text': 'enjoy!', 'fallback': 'SoundCloud Audio: Licht & Foolik - Berliner Luft X LOKD - Viertel Klub Basel 28-7-18 by Leon Licht (Sisyphos)', 'audio_html': '<iframe width=""100%"" height=""150"" scrolling=""no"" frameborder=""no"" src=""https://w.soundcloud.com/player/?visual=true&url=https%3A%2F%2Fapi.soundcloud.com%2Ftracks%2F478651845&show_artwork=true&maxheight=150""></iframe>', 'audio_html_width': 100, 'audio_html_height': 150, 'from_url': 'https://soundcloud.com/leonlicht/licht-foolik-berliner-luft-x-lokd-viertel-klub-basel-28-7-18', 'thumb_width': 500, 'thumb_height': 500, 'service_icon': 'https://soundcloud.com/favicon.ico', 'id': 1, 'original_url': 'https://soundcloud.com/leonlicht/licht-foolik-berliner-luft-x-lokd-viertel-klub-basel-28-7-18'}]","[{'type': 'rich_text', 'block_id': '/5eN', 'elements': [{'type': 'rich_text_section', 'elements': [{'type': 'link', 'url': 'https://soundcloud.com/leonlicht/licht-foolik-berliner-luft-x-lokd-viertel-klub-basel-28-7-18'}]}]}]",,,,,,,,,,,,,,,,,,,music
message,,1619529798.0038,U01RXCQHMHT,<@U01SK96QF5E> nice :slightly_smiling_face: Hungary has really nice festivals. Wanted to go to Ozora hahahaha.,3b19208a-ee3f-4974-90e8-347175905dfe,T01RBRV5F7H,T01RBRV5F7H,T01RBRV5F7H,"{'avatar_hash': '7290c61c38a0', 'image_72': 'https://avatars.slack-edge.com/2021-03-22/1898002028225_7290c61c38a01ad66680_72.jpg', 'first_name': 'Thanh', 'real_name': 'Thanh Tung Ha Thuc DAFT Berlin March 2021', 'display_name': 'Tony Ha', 'team': 'T01RBRV5F7H', 'name': 'tony.hathuc', 'is_restricted': False, 'is_ultra_restricted': False}",,"[{'type': 'rich_text', 'block_id': 'L9yk', 'elements': [{'type': 'rich_text_section', 'elements': [{'type': 'user', 'user_id': 'U01SK96QF5E'}, {'type': 'text', 'text': ' nice '}, {'type': 'emoji', 'name': 'slightly_smiling_face'}, {'type': 'text', 'text': ' Hungary has really nice festivals. Wanted to go to Ozora hahahaha.'}]}]}]",,,1619504683.0002,,,,,,,,,U01RXCQHMHT,,,,,,,music
message,,1619529990.004,U01SK96QF5E,hhaaha yeah Ozora is quite famous in certain circles. I’ve never been actually!,c04f603b-ce9f-4636-a388-f25304b48f8a,T01RBRV5F7H,T01RBRV5F7H,T01RBRV5F7H,"{'avatar_hash': '94c1e7ff9e09', 'image_72': 'https://avatars.slack-edge.com/2021-03-21/1883381430979_94c1e7ff9e09a95d14cb_72.jpg', 'first_name': 'Lilla', 'real_name': 'Lilla Szulyovszky', 'display_name': 'lilla', 'team': 'T01RBRV5F7H', 'name': 'lilla.szulyovszky', 'is_restricted': False, 'is_ultra_restricted': False}",,"[{'type': 'rich_text', 'block_id': 'FH46v', 'elements': [{'type': 'rich_text_section', 'elements': [{'type': 'text', 'text': 'hhaaha yeah Ozora is quite famous in certain circles. I’ve never been actually!'}]}]}]",,,1619504683.0002,,,,,,,,,U01RXCQHMHT,,,,,,,music
message,,1619530200.0042,U01RXCQHMHT,someone showed me a video from the pre-corona times. it looked so peaceful and beautiful.,3bd07a1a-d9b4-401a-ab6d-9da03d5c109c,T01RBRV5F7H,T01RBRV5F7H,T01RBRV5F7H,"{'avatar_hash': '7290c61c38a0', 'image_72': 'https://avatars.slack-edge.com/2021-03-22/1898002028225_7290c61c38a01ad66680_72.jpg', 'first_name': 'Thanh', 'real_name': 'Thanh Tung Ha Thuc DAFT Berlin March 2021', 'display_name': 'Tony Ha', 'team': 'T01RBRV5F7H', 'name': 'tony.hathuc', 'is_restricted': False, 'is_ultra_restricted': False}",,"[{'type': 'rich_text', 'block_id': 'T3p', 'elements': [{'type': 'rich_text_section', 'elements': [{'type': 'text', 'text': 'someone showed me a video from the pre-corona times. it looked so peaceful and beautiful.'}]}]}]",,,1619504683.0002,,,,,,,,,U01RXCQHMHT,,,,,,,music
message,,1619535186.0048,U01SK96QF5E,got totally addicted to this playlist since Friday :smile: <https://open.spotify.com/playlist/37i9dQZF1DXb57FjYWz00c?si=B5CHvvqUQvi24rodUDB0PQ>,d8b6518c-f8d6-4527-b70d-8eceee1bb1df,T01RBRV5F7H,T01RBRV5F7H,T01RBRV5F7H,"{'avatar_hash': '94c1e7ff9e09', 'image_72': 'https://avatars.slack-edge.com/2021-03-21/1883381430979_94c1e7ff9e09a95d14cb_72.jpg', 'first_name': 'Lilla', 'real_name': 'Lilla Szulyovszky', 'display_name': 'lilla', 'team': 'T01RBRV5F7H', 'name': 'lilla.szulyovszky', 'is_restricted': False, 'is_ultra_restricted': False}","[{'service_name': 'Spotify', 'service_url': 'https://spotify.com', 'title': '80s Hits', 'title_link': 'https://open.spotify.com/playlist/37i9dQZF1DXb57FjYWz00c?si=B5CHvvqUQvi24rodUDB0PQ', 'thumb_url': 'https://i.scdn.co/image/ab67706f000000035e98bc8db32dc5981d0df665', 'thumb_width': 640, 'thumb_height': 640, 'fallback': 'Spotify Audio: 80s Hits', 'audio_html': '<iframe width=""300"" height=""380"" allowtransparency=""true"" frameborder=""0"" allow=""encrypted-media"" title=""Spotify Embed: 80s Hits"" src=""https://open.spotify.com/embed/playlist/37i9dQZF1DXb57FjYWz00c?si=B5CHvvqUQvi24rodUDB0PQ""></iframe>', 'audio_html_width': 300, 'audio_html_height': 380, 'from_url': 'https://open.spotify.com/playlist/37i9dQZF1DXb57FjYWz00c?si=B5CHvvqUQvi24rodUDB0PQ', 'service_icon': 'https://a.slack-edge.com/80588/img/unfurl_icons/spotify.png', 'id': 1, 'original_url': 'https://open.spotify.com/playlist/37i9dQZF1DXb57FjYWz00c?si=B5CHvvqUQvi24rodUDB0PQ'}]","[{'type': 'rich_text', 'block_id': 'a36', 'elements': [{'type': 'rich_text_section', 'elements': [{'type': 'text', 'text': 'got totally addicted to this playlist since Friday '}, {'type': 'emoji', 'name': 'smile'}, {'type': 'text', 'text': ' '}, {'type': 'link', 'url': 'https://open.spotify.com/playlist/37i9dQZF1DXb57FjYWz00c?si=B5CHvvqUQvi24rodUDB0PQ'}]}]}]",,"[{'name': 'man_dancing', 'users': ['U01RW140HBP'], 'count': 1}, {'name': 'boludo', 'users': ['U01S1CWGTU4', 'U01S7KCL3DF'], 'count': 2}, {'name': 'star-struck', 'users': ['U01S65G72SY'], 'count': 1}]",,,,,,,,,,,,,,,,,music
message,,1619553634.0052,U01RXCQHMHT,<https://www.youtube.com/watch?v=HeyfOEb7ET0&amp;list=PLfQALVM3SEjKIRiadY6EPiJIr5VjbK4od&amp;index=12>,d255756e-a269-4280-9ca6-5f50b2b1cabf,T01RBRV5F7H,T01RBRV5F7H,T01RBRV5F7H,"{'avatar_hash': '7290c61c38a0', 'image_72': 'https://avatars.slack-edge.com/2021-03-22/1898002028225_7290c61c38a01ad66680_72.jpg', 'first_name': 'Thanh', 'real_name': 'Thanh Tung Ha Thuc DAFT Berlin March 2021', 'display_name': 'Tony Ha', 'team': 'T01RBRV5F7H', 'name': 'tony.hathuc', 'is_restricted': False, 'is_ultra_restricted': False}","[{'service_name': 'YouTube', 'service_url': 'https://www.youtube.com/', 'title': 'Migos - Get Right Witcha [Official Video]', 'title_link': 'https://www.youtube.com/watch?v=HeyfOEb7ET0&amp;index=12', 'author_name': 'Migos ATL', 'author_link': 'https://www.youtube.com/c/Migosatl', 'thumb_url': 'https://i.ytimg.com/vi/HeyfOEb7ET0/hqdefault.jpg', 'thumb_width': 480, 'thumb_height': 360, 'fallback': 'YouTube Video: Migos - Get Right Witcha [Official Video]', 'video_html': '<iframe width=""400"" height=""225"" src=""https://www.youtube.com/embed/HeyfOEb7ET0?feature=oembed&autoplay=1&iv_load_policy=3"" frameborder=""0"" allow=""accelerometer; autoplay; clipboard-write; encrypted-media; gyroscope; picture-in-picture"" allowfullscreen></iframe>', 'video_html_width': 400, 'video_html_height': 225, 'from_url': 'https://www.youtube.com/watch?v=HeyfOEb7ET0&amp;index=12', 'service_icon': 'https://a.slack-edge.com/80588/img/unfurl_icons/youtube.png', 'id': 1, 'original_url': 'https://www.youtube.com/watch?v=HeyfOEb7ET0&amp;list=PLfQALVM3SEjKIRiadY6EPiJIr5VjbK4od&amp;index=12'}]","[{'type': 'rich_text', 'block_id': '0FYW', 'elements': [{'type': 'rich_text_section', 'elements': [{'type': 'link', 'url': 'https://www.youtube.com/watch?v=HeyfOEb7ET0&list=PLfQALVM3SEjKIRiadY6EPiJIr5VjbK4od&index=12'}]}]}]",,,,,,,,,,,,,,,,,,,music
message,,1619585893.0057,U01RXCQHMHT,<https://soundcloud.com/hate_music/premiere-voiski-hadone-on-the-edge-of-adhesion-volt004>,3079ffd3-2d1e-41db-a66e-a611d080d371,T01RBRV5F7H,T01RBRV5F7H,T01RBRV5F7H,"{'avatar_hash': '7290c61c38a0', 'image_72': 'https://avatars.slack-edge.com/2021-03-22/1898002028225_7290c61c38a01ad66680_72.jpg', 'first_name': 'Thanh', 'real_name': 'Thanh Tung Ha Thuc DAFT Berlin March 2021', 'display_name': 'Tony Ha', 'team': 'T01RBRV5F7H', 'name': 'tony.hathuc', 'is_restricted': False, 'is_ultra_restricted': False}","[{'service_name': 'SoundCloud', 'service_url': 'https://soundcloud.com', 'title': 'Premiere: Voiski &amp; Hadone - On The Edge Of Adhesion [VOLT004] by HATE', 'title_link': 'https://soundcloud.com/hate_music/premiere-voiski-hadone-on-the-edge-of-adhesion-volt004', 'author_name': 'HATE', 'author_link': 'https://soundcloud.com/hate_music', 'thumb_url': 'https://i1.sndcdn.com/artworks-2NPhNAaicghyYQfn-RUy2hg-t500x500.jpg', 'text': 'HATE exclusive premiere.\nFull streaming of the EP soon on our HATE Youtube channel.\n\nSupport the label, buy it here:\n\n\nArtist: Voiski & Hadone\nTitle: On The Edge Of Adhesion\nLabel: VOLTAGE Imprint\nCatalogue: VOLT004\nFormat: 12"" Vinyl\nGenre: Electronic\nStyle: Techno\nRelease date: February 18, 2021\n\nMastering by Conor Dalton\nArtwork by Phaze One\nLabel run by Parallel Circuit\n\nTracklist:\nA1: On The Edge Of Adhesion\nA2: Don\'t Forget The Night\nB1: Fall Into The Light\nB2: And You Stare At Nothing\n\nVOLTAGE Imprint is happy to present the joint-venture of Voiski and Hadone, two pillars in today’s innovating French techno scene. ""On The Edge Of Adhesion"" is the perfect symbiosis of today’s climate. \n\nIt’s an introspective yet energetic tale, lingering and grasping onto anyone\'s core feelings of unreleased energy and dancefloor nostalgia. A modern-day story where trance meets techno while crossing the meeting point of old and new.\n\nFollow #Voiski here:\n\n\n\n\nFollow #Hadone here:\n\n\n\n\n\nFollow #Voltage here:\n\n\n\n\n___\nDISCLAIMER: All tracks are uploaded in a low quality for promotional purposes only and with buy links to respect label and artists.\n\nCONTACT EMAIL: \n\nFollow us on INSTAGRAM and FACEBOOK for releases previews and news:\n\n\n\nFollow us on SOUNDCLOUD for exclusive podcast series:\n', 'fallback': 'SoundCloud Audio: Premiere: Voiski & Hadone - On The Edge Of Adhesion [VOLT004] by HATE', 'audio_html': '<iframe width=""100%"" height=""150"" scrolling=""no"" frameborder=""no"" src=""https://w.soundcloud.com/player/?visual=true&url=https%3A%2F%2Fapi.soundcloud.com%2Ftracks%2F982668103&show_artwork=true&maxheight=150""></iframe>', 'audio_html_width': 100, 'audio_html_height': 150, 'from_url': 'https://soundcloud.com/hate_music/premiere-voiski-hadone-on-the-edge-of-adhesion-volt004', 'thumb_width': 500, 'thumb_height': 500, 'service_icon': 'https://soundcloud.com/favicon.ico', 'id': 1, 'original_url': 'https://soundcloud.com/hate_music/premiere-voiski-hadone-on-the-edge-of-adhesion-volt004'}]","[{'type': 'rich_text', 'block_id': 'ymsx', 'elements': [{'type': 'rich_text_section', 'elements': [{'type': 'link', 'url': 'https://soundcloud.com/hate_music/premiere-voiski-hadone-on-the-edge-of-adhesion-volt004'}]}]}]",,,,,,,,,,,,,,,,,,,music
message,channel_join,1616177231.0002,U01RW2X7S9Z,<@U01RW2X7S9Z> has joined the channel,,,,,,,,,,,,,,,,,,,,,,,,,,music
